substitutions,bp,freq,distance_from_center
15.0,50.0,0.7692307692307693,-599.5
58.0,7.0,0.1076923076923077,-598.5
65.0,0.0,0.0,-597.5
65.0,0.0,0.0,-596.5
65.0,0.0,0.0,-595.5
65.0,0.0,0.0,-594.5
65.0,0.0,0.0,-593.5
65.0,0.0,0.0,-592.5
65.0,0.0,0.0,-591.5
65.0,0.0,0.0,-590.5
65.0,0.0,0.0,-589.5
65.0,0.0,0.0,-588.5
65.0,0.0,0.0,-587.5
65.0,0.0,0.0,-586.5
65.0,0.0,0.0,-585.5
65.0,0.0,0.0,-584.5
65.0,0.0,0.0,-583.5
65.0,0.0,0.0,-582.5
65.0,0.0,0.0,-581.5
65.0,0.0,0.0,-580.5
65.0,0.0,0.0,-579.5
65.0,0.0,0.0,-578.5
65.0,0.0,0.0,-577.5
65.0,0.0,0.0,-576.5
65.0,0.0,0.0,-575.5
65.0,0.0,0.0,-574.5
65.0,0.0,0.0,-573.5
65.0,0.0,0.0,-572.5
65.0,0.0,0.0,-571.5
65.0,0.0,0.0,-570.5
65.0,0.0,0.0,-569.5
65.0,0.0,0.0,-568.5
65.0,0.0,0.0,-567.5
65.0,0.0,0.0,-566.5
65.0,0.0,0.0,-565.5
65.0,0.0,0.0,-564.5
65.0,0.0,0.0,-563.5
65.0,0.0,0.0,-562.5
65.0,0.0,0.0,-561.5
65.0,0.0,0.0,-560.5
65.0,0.0,0.0,-559.5
65.0,0.0,0.0,-558.5
65.0,0.0,0.0,-557.5
65.0,0.0,0.0,-556.5
65.0,0.0,0.0,-555.5
65.0,0.0,0.0,-554.5
65.0,0.0,0.0,-553.5
65.0,0.0,0.0,-552.5
65.0,0.0,0.0,-551.5
65.0,0.0,0.0,-550.5
65.0,0.0,0.0,-549.5
65.0,0.0,0.0,-548.5
65.0,0.0,0.0,-547.5
65.0,0.0,0.0,-546.5
65.0,0.0,0.0,-545.5
65.0,0.0,0.0,-544.5
65.0,0.0,0.0,-543.5
65.0,0.0,0.0,-542.5
65.0,0.0,0.0,-541.5
65.0,0.0,0.0,-540.5
65.0,0.0,0.0,-539.5
65.0,0.0,0.0,-538.5
65.0,0.0,0.0,-537.5
65.0,0.0,0.0,-536.5
65.0,0.0,0.0,-535.5
65.0,0.0,0.0,-534.5
65.0,0.0,0.0,-533.5
65.0,0.0,0.0,-532.5
65.0,0.0,0.0,-531.5
65.0,0.0,0.0,-530.5
65.0,0.0,0.0,-529.5
65.0,0.0,0.0,-528.5
65.0,0.0,0.0,-527.5
65.0,0.0,0.0,-526.5
65.0,0.0,0.0,-525.5
65.0,0.0,0.0,-524.5
65.0,0.0,0.0,-523.5
65.0,0.0,0.0,-522.5
65.0,0.0,0.0,-521.5
65.0,0.0,0.0,-520.5
65.0,0.0,0.0,-519.5
65.0,0.0,0.0,-518.5
65.0,0.0,0.0,-517.5
65.0,0.0,0.0,-516.5
65.0,0.0,0.0,-515.5
65.0,0.0,0.0,-514.5
65.0,0.0,0.0,-513.5
65.0,0.0,0.0,-512.5
65.0,0.0,0.0,-511.5
65.0,0.0,0.0,-510.5
65.0,0.0,0.0,-509.5
65.0,0.0,0.0,-508.5
65.0,0.0,0.0,-507.5
65.0,0.0,0.0,-506.5
65.0,0.0,0.0,-505.5
65.0,0.0,0.0,-504.5
65.0,0.0,0.0,-503.5
65.0,0.0,0.0,-502.5
65.0,0.0,0.0,-501.5
65.0,0.0,0.0,-500.5
65.0,0.0,0.0,-499.5
65.0,0.0,0.0,-498.5
65.0,0.0,0.0,-497.5
65.0,0.0,0.0,-496.5
6.0,0.0,0.0,-496
65.0,0.0,0.0,-495.5
6.0,0.0,0.0,-495
136.0,2.0,0.014492753623188406,-494.5
6.0,0.0,0.0,-494
136.0,2.0,0.014492753623188406,-493.5
6.0,0.0,0.0,-493
136.0,2.0,0.014492753623188406,-492.5
6.0,0.0,0.0,-492
136.0,2.0,0.014492753623188406,-491.5
6.0,0.0,0.0,-491
136.0,2.0,0.014492753623188406,-490.5
6.0,0.0,0.0,-490
136.0,2.0,0.014492753623188406,-489.5
6.0,0.0,0.0,-489
136.0,2.0,0.014492753623188406,-488.5
6.0,0.0,0.0,-488
136.0,2.0,0.014492753623188406,-487.5
6.0,0.0,0.0,-487
137.0,1.0,0.007246376811594203,-486.5
6.0,0.0,0.0,-486
137.0,1.0,0.007246376811594203,-485.5
6.0,0.0,0.0,-485
137.0,1.0,0.007246376811594203,-484.5
6.0,0.0,0.0,-484
137.0,1.0,0.007246376811594203,-483.5
6.0,0.0,0.0,-483
137.0,1.0,0.007246376811594203,-482.5
6.0,0.0,0.0,-482
137.0,1.0,0.007246376811594203,-481.5
6.0,0.0,0.0,-481
137.0,1.0,0.007246376811594203,-480.5
6.0,0.0,0.0,-480
137.0,1.0,0.007246376811594203,-479.5
6.0,0.0,0.0,-479
137.0,1.0,0.007246376811594203,-478.5
6.0,0.0,0.0,-478
137.0,1.0,0.007246376811594203,-477.5
6.0,0.0,0.0,-477
137.0,1.0,0.007246376811594203,-476.5
6.0,0.0,0.0,-476
137.0,1.0,0.007246376811594203,-475.5
6.0,0.0,0.0,-475
137.0,1.0,0.007246376811594203,-474.5
6.0,0.0,0.0,-474
137.0,1.0,0.007246376811594203,-473.5
6.0,0.0,0.0,-473
137.0,1.0,0.007246376811594203,-472.5
6.0,0.0,0.0,-472
137.0,1.0,0.007246376811594203,-471.5
6.0,0.0,0.0,-471
137.0,1.0,0.007246376811594203,-470.5
6.0,0.0,0.0,-470
137.0,1.0,0.007246376811594203,-469.5
6.0,0.0,0.0,-469
137.0,1.0,0.007246376811594203,-468.5
6.0,0.0,0.0,-468
137.0,1.0,0.007246376811594203,-467.5
61.0,18.0,0.22784810126582278,-467
137.0,1.0,0.007246376811594203,-466.5
61.0,18.0,0.22784810126582278,-466
137.0,1.0,0.007246376811594203,-465.5
61.0,18.0,0.22784810126582278,-465
137.0,1.0,0.007246376811594203,-464.5
61.0,18.0,0.22784810126582278,-464
137.0,1.0,0.007246376811594203,-463.5
61.0,18.0,0.22784810126582278,-463
137.0,1.0,0.007246376811594203,-462.5
61.0,18.0,0.22784810126582278,-462
137.0,1.0,0.007246376811594203,-461.5
61.0,18.0,0.22784810126582278,-461
137.0,1.0,0.007246376811594203,-460.5
138.0,14.0,0.09210526315789473,-460
137.0,1.0,0.007246376811594203,-459.5
138.0,14.0,0.09210526315789473,-459
137.0,1.0,0.007246376811594203,-458.5
138.0,14.0,0.09210526315789473,-458
137.0,1.0,0.007246376811594203,-457.5
138.0,14.0,0.09210526315789473,-457
137.0,1.0,0.007246376811594203,-456.5
138.0,14.0,0.09210526315789473,-456
161.0,50.0,0.23696682464454977,-455.5
139.0,13.0,0.08552631578947369,-455
161.0,50.0,0.23696682464454977,-454.5
139.0,13.0,0.08552631578947369,-454
161.0,50.0,0.23696682464454977,-453.5
139.0,13.0,0.08552631578947369,-453
161.0,50.0,0.23696682464454977,-452.5
139.0,13.0,0.08552631578947369,-452
167.0,44.0,0.20853080568720378,-451.5
139.0,13.0,0.08552631578947369,-451
187.0,24.0,0.11374407582938388,-450.5
139.0,13.0,0.08552631578947369,-450
188.0,23.0,0.10900473933649289,-449.5
139.0,13.0,0.08552631578947369,-449
188.0,23.0,0.10900473933649289,-448.5
139.0,13.0,0.08552631578947369,-448
234.0,43.0,0.1552346570397112,-447.5
139.0,13.0,0.08552631578947369,-447
272.0,5.0,0.018050541516245487,-446.5
139.0,13.0,0.08552631578947369,-446
272.0,5.0,0.018050541516245487,-445.5
139.0,13.0,0.08552631578947369,-445
272.0,5.0,0.018050541516245487,-444.5
139.0,13.0,0.08552631578947369,-444
272.0,5.0,0.018050541516245487,-443.5
139.0,13.0,0.08552631578947369,-443
272.0,5.0,0.018050541516245487,-442.5
139.0,13.0,0.08552631578947369,-442
343.0,7.0,0.02,-441.5
139.0,13.0,0.08552631578947369,-441
343.0,7.0,0.02,-440.5
139.0,13.0,0.08552631578947369,-440
343.0,7.0,0.02,-439.5
139.0,13.0,0.08552631578947369,-439
343.0,7.0,0.02,-438.5
139.0,13.0,0.08552631578947369,-438
405.0,18.0,0.0425531914893617,-437.5
139.0,13.0,0.08552631578947369,-437
416.0,7.0,0.016548463356973995,-436.5
139.0,13.0,0.08552631578947369,-436
418.0,5.0,0.01182033096926714,-435.5
139.0,13.0,0.08552631578947369,-435
418.0,5.0,0.01182033096926714,-434.5
139.0,13.0,0.08552631578947369,-434
501.0,65.0,0.11484098939929328,-433.5
139.0,13.0,0.08552631578947369,-433
502.0,64.0,0.11307420494699646,-432.5
139.0,13.0,0.08552631578947369,-432
533.0,33.0,0.05830388692579505,-431.5
142.0,10.0,0.06578947368421052,-431
545.0,21.0,0.037102473498233215,-430.5
205.0,20.0,0.08888888888888889,-430
546.0,20.0,0.0353356890459364,-429.5
205.0,20.0,0.08888888888888889,-429
546.0,20.0,0.0353356890459364,-428.5
209.0,16.0,0.07111111111111111,-428
546.0,20.0,0.0353356890459364,-427.5
210.0,15.0,0.06666666666666667,-427
546.0,20.0,0.0353356890459364,-426.5
213.0,12.0,0.05333333333333334,-426
546.0,20.0,0.0353356890459364,-425.5
216.0,9.0,0.04,-425
547.0,19.0,0.03356890459363958,-424.5
218.0,7.0,0.03111111111111111,-424
547.0,19.0,0.03356890459363958,-423.5
219.0,6.0,0.02666666666666667,-423
547.0,19.0,0.03356890459363958,-422.5
219.0,6.0,0.02666666666666667,-422
547.0,19.0,0.03356890459363958,-421.5
219.0,6.0,0.02666666666666667,-421
547.0,19.0,0.03356890459363958,-420.5
219.0,6.0,0.02666666666666667,-420
547.0,19.0,0.03356890459363958,-419.5
219.0,6.0,0.02666666666666667,-419
548.0,18.0,0.03180212014134275,-418.5
219.0,6.0,0.02666666666666667,-418
553.0,13.0,0.022968197879858657,-417.5
219.0,6.0,0.02666666666666667,-417
556.0,10.0,0.0176678445229682,-416.5
219.0,6.0,0.02666666666666667,-416
556.0,10.0,0.0176678445229682,-415.5
220.0,5.0,0.022222222222222223,-415
556.0,10.0,0.0176678445229682,-414.5
220.0,5.0,0.022222222222222223,-414
556.0,10.0,0.0176678445229682,-413.5
220.0,5.0,0.022222222222222223,-413
632.0,7.0,0.010954616588419406,-412.5
221.0,4.0,0.017777777777777778,-412
632.0,7.0,0.010954616588419406,-411.5
223.0,2.0,0.008888888888888889,-411
632.0,7.0,0.010954616588419406,-410.5
224.0,1.0,0.0044444444444444444,-410
632.0,7.0,0.010954616588419406,-409.5
224.0,1.0,0.0044444444444444444,-409
635.0,4.0,0.006259780907668232,-408.5
224.0,1.0,0.0044444444444444444,-408
635.0,4.0,0.006259780907668232,-407.5
224.0,1.0,0.0044444444444444444,-407
635.0,4.0,0.006259780907668232,-406.5
224.0,1.0,0.0044444444444444444,-406
635.0,4.0,0.006259780907668232,-405.5
224.0,1.0,0.0044444444444444444,-405
635.0,4.0,0.006259780907668232,-404.5
224.0,1.0,0.0044444444444444444,-404
635.0,4.0,0.006259780907668232,-403.5
224.0,1.0,0.0044444444444444444,-403
635.0,4.0,0.006259780907668232,-402.5
224.0,1.0,0.0044444444444444444,-402
635.0,4.0,0.006259780907668232,-401.5
224.0,1.0,0.0044444444444444444,-401
635.0,4.0,0.006259780907668232,-400.5
224.0,1.0,0.0044444444444444444,-400
635.0,4.0,0.006259780907668232,-399.5
224.0,1.0,0.0044444444444444444,-399
635.0,4.0,0.006259780907668232,-398.5
224.0,1.0,0.0044444444444444444,-398
635.0,4.0,0.006259780907668232,-397.5
224.0,1.0,0.0044444444444444444,-397
635.0,4.0,0.006259780907668232,-396.5
224.0,1.0,0.0044444444444444444,-396
643.0,69.0,0.09691011235955056,-395.5
224.0,1.0,0.0044444444444444444,-395
643.0,69.0,0.09691011235955056,-394.5
229.0,48.0,0.17328519855595667,-394
643.0,69.0,0.09691011235955056,-393.5
229.0,48.0,0.17328519855595667,-393
643.0,69.0,0.09691011235955056,-392.5
229.0,48.0,0.17328519855595667,-392
643.0,69.0,0.09691011235955056,-391.5
229.0,48.0,0.17328519855595667,-391
715.0,70.0,0.08917197452229299,-390.5
229.0,48.0,0.17328519855595667,-390
717.0,141.0,0.16433566433566432,-389.5
229.0,48.0,0.17328519855595667,-389
717.0,141.0,0.16433566433566432,-388.5
229.0,48.0,0.17328519855595667,-388
776.0,82.0,0.09557109557109557,-387.5
229.0,48.0,0.17328519855595667,-387
777.0,81.0,0.0944055944055944,-386.5
229.0,48.0,0.17328519855595667,-386
777.0,81.0,0.0944055944055944,-385.5
229.0,48.0,0.17328519855595667,-385
778.0,80.0,0.09324009324009325,-384.5
229.0,48.0,0.17328519855595667,-384
779.0,79.0,0.09207459207459208,-383.5
229.0,48.0,0.17328519855595667,-383
786.0,72.0,0.08391608391608392,-382.5
229.0,48.0,0.17328519855595667,-382
786.0,72.0,0.08391608391608392,-381.5
229.0,48.0,0.17328519855595667,-381
786.0,72.0,0.08391608391608392,-380.5
229.0,48.0,0.17328519855595667,-380
788.0,70.0,0.08158508158508158,-379.5
229.0,48.0,0.17328519855595667,-379
789.0,69.0,0.08041958041958042,-378.5
229.0,48.0,0.17328519855595667,-378
789.0,69.0,0.08041958041958042,-377.5
229.0,48.0,0.17328519855595667,-377
789.0,69.0,0.08041958041958042,-376.5
229.0,48.0,0.17328519855595667,-376
789.0,69.0,0.08041958041958042,-375.5
229.0,48.0,0.17328519855595667,-375
789.0,69.0,0.08041958041958042,-374.5
229.0,48.0,0.17328519855595667,-374
789.0,69.0,0.08041958041958042,-373.5
229.0,48.0,0.17328519855595667,-373
789.0,69.0,0.08041958041958042,-372.5
229.0,48.0,0.17328519855595667,-372
789.0,69.0,0.08041958041958042,-371.5
302.0,48.0,0.13714285714285715,-371
789.0,69.0,0.08041958041958042,-370.5
303.0,47.0,0.13428571428571429,-370
789.0,69.0,0.08041958041958042,-369.5
303.0,47.0,0.13428571428571429,-369
789.0,69.0,0.08041958041958042,-368.5
303.0,47.0,0.13428571428571429,-368
818.0,40.0,0.046620046620046623,-367.5
310.0,113.0,0.26713947990543735,-367
849.0,9.0,0.01048951048951049,-366.5
310.0,113.0,0.26713947990543735,-366
849.0,9.0,0.01048951048951049,-365.5
310.0,113.0,0.26713947990543735,-365
849.0,9.0,0.01048951048951049,-364.5
310.0,113.0,0.26713947990543735,-364
849.0,9.0,0.01048951048951049,-363.5
310.0,113.0,0.26713947990543735,-363
852.0,6.0,0.006993006993006993,-362.5
310.0,113.0,0.26713947990543735,-362
852.0,6.0,0.006993006993006993,-361.5
310.0,113.0,0.26713947990543735,-361
852.0,6.0,0.006993006993006993,-360.5
310.0,113.0,0.26713947990543735,-360
852.0,6.0,0.006993006993006993,-359.5
310.0,113.0,0.26713947990543735,-359
852.0,6.0,0.006993006993006993,-358.5
310.0,113.0,0.26713947990543735,-358
852.0,6.0,0.006993006993006993,-357.5
310.0,113.0,0.26713947990543735,-357
852.0,6.0,0.006993006993006993,-356.5
310.0,113.0,0.26713947990543735,-356
852.0,6.0,0.006993006993006993,-355.5
310.0,113.0,0.26713947990543735,-355
852.0,6.0,0.006993006993006993,-354.5
310.0,113.0,0.26713947990543735,-354
882.0,6.0,0.006756756756756757,-353.5
310.0,113.0,0.26713947990543735,-353
894.0,56.0,0.05894736842105263,-352.5
311.0,112.0,0.2647754137115839,-352
894.0,56.0,0.05894736842105263,-351.5
314.0,176.0,0.35918367346938773,-351
894.0,56.0,0.05894736842105263,-350.5
324.0,166.0,0.33877551020408164,-350
894.0,56.0,0.05894736842105263,-349.5
340.0,150.0,0.30612244897959184,-349
894.0,56.0,0.05894736842105263,-348.5
346.0,144.0,0.2938775510204082,-348
894.0,56.0,0.05894736842105263,-347.5
365.0,125.0,0.25510204081632654,-347
899.0,51.0,0.05368421052631579,-346.5
371.0,119.0,0.24285714285714285,-346
899.0,51.0,0.05368421052631579,-345.5
445.0,186.0,0.294770206022187,-345
899.0,51.0,0.05368421052631579,-344.5
445.0,186.0,0.294770206022187,-344
906.0,44.0,0.04631578947368421,-343.5
453.0,178.0,0.2820919175911252,-343
927.0,23.0,0.024210526315789474,-342.5
453.0,178.0,0.2820919175911252,-342
929.0,21.0,0.022105263157894735,-341.5
453.0,178.0,0.2820919175911252,-341
929.0,21.0,0.022105263157894735,-340.5
453.0,178.0,0.2820919175911252,-340
929.0,21.0,0.022105263157894735,-339.5
476.0,155.0,0.24564183835182252,-339
938.0,12.0,0.01263157894736842,-338.5
477.0,154.0,0.24405705229793978,-338
938.0,12.0,0.01263157894736842,-337.5
477.0,154.0,0.24405705229793978,-337
939.0,11.0,0.011578947368421053,-336.5
478.0,153.0,0.24247226624405704,-336
939.0,11.0,0.011578947368421053,-335.5
543.0,88.0,0.13946117274167988,-335
939.0,11.0,0.011578947368421053,-334.5
543.0,88.0,0.13946117274167988,-334
939.0,11.0,0.011578947368421053,-333.5
543.0,88.0,0.13946117274167988,-333
939.0,11.0,0.011578947368421053,-332.5
543.0,88.0,0.13946117274167988,-332
940.0,10.0,0.010526315789473684,-331.5
543.0,88.0,0.13946117274167988,-331
940.0,10.0,0.010526315789473684,-330.5
543.0,88.0,0.13946117274167988,-330
1000.0,23.0,0.022482893450635387,-329.5
544.0,87.0,0.13787638668779714,-329
1000.0,23.0,0.022482893450635387,-328.5
544.0,87.0,0.13787638668779714,-328
1001.0,22.0,0.021505376344086023,-327.5
544.0,87.0,0.13787638668779714,-327
1003.0,20.0,0.019550342130987292,-326.5
604.0,100.0,0.14204545454545456,-326
1015.0,8.0,0.007820136852394917,-325.5
605.0,99.0,0.140625,-325
1015.0,8.0,0.007820136852394917,-324.5
605.0,99.0,0.140625,-324
1015.0,8.0,0.007820136852394917,-323.5
605.0,99.0,0.140625,-323
1015.0,8.0,0.007820136852394917,-322.5
605.0,99.0,0.140625,-322
1017.0,6.0,0.005865102639296188,-321.5
605.0,99.0,0.140625,-321
1017.0,6.0,0.005865102639296188,-320.5
605.0,99.0,0.140625,-320
1017.0,6.0,0.005865102639296188,-319.5
605.0,99.0,0.140625,-319
1017.0,6.0,0.005865102639296188,-318.5
605.0,99.0,0.140625,-318
1017.0,6.0,0.005865102639296188,-317.5
605.0,99.0,0.140625,-317
1017.0,6.0,0.005865102639296188,-316.5
605.0,99.0,0.140625,-316
1017.0,6.0,0.005865102639296188,-315.5
605.0,99.0,0.140625,-315
1017.0,6.0,0.005865102639296188,-314.5
605.0,99.0,0.140625,-314
1017.0,6.0,0.005865102639296188,-313.5
606.0,98.0,0.13920454545454544,-313
1017.0,6.0,0.005865102639296188,-312.5
614.0,90.0,0.1278409090909091,-312
1018.0,5.0,0.004887585532746823,-311.5
616.0,88.0,0.125,-311
1052.0,44.0,0.040145985401459854,-310.5
616.0,88.0,0.125,-310
1075.0,21.0,0.01916058394160584,-309.5
616.0,88.0,0.125,-309
1078.0,18.0,0.016423357664233577,-308.5
616.0,88.0,0.125,-308
1078.0,18.0,0.016423357664233577,-307.5
616.0,88.0,0.125,-307
1079.0,17.0,0.01551094890510949,-306.5
616.0,88.0,0.125,-306
1079.0,17.0,0.01551094890510949,-305.5
621.0,83.0,0.11789772727272728,-305
1084.0,83.0,0.07112253641816624,-304.5
637.0,67.0,0.09517045454545454,-304
1115.0,52.0,0.044558697514995714,-303.5
638.0,66.0,0.09375,-303
1148.0,19.0,0.016281062553556127,-302.5
638.0,66.0,0.09375,-302
1148.0,19.0,0.016281062553556127,-301.5
638.0,66.0,0.09375,-301
1148.0,19.0,0.016281062553556127,-300.5
638.0,66.0,0.09375,-300
1207.0,33.0,0.02661290322580645,-299.5
638.0,66.0,0.09375,-299
1208.0,32.0,0.025806451612903226,-298.5
670.0,107.0,0.1377091377091377,-298
1208.0,32.0,0.025806451612903226,-297.5
675.0,102.0,0.13127413127413126,-297
1218.0,94.0,0.07164634146341463,-296.5
687.0,90.0,0.11583011583011583,-296
1218.0,94.0,0.07164634146341463,-295.5
692.0,85.0,0.1093951093951094,-295
1221.0,91.0,0.06935975609756098,-294.5
697.0,80.0,0.10296010296010295,-294
1223.0,89.0,0.06783536585365854,-293.5
708.0,142.0,0.16705882352941176,-293
1224.0,88.0,0.06707317073170732,-292.5
724.0,126.0,0.14823529411764705,-292
1228.0,84.0,0.06402439024390244,-291.5
726.0,124.0,0.14588235294117646,-291
1232.0,80.0,0.06097560975609756,-290.5
728.0,122.0,0.14352941176470588,-290
1233.0,79.0,0.06021341463414634,-289.5
728.0,122.0,0.14352941176470588,-289
1234.0,78.0,0.05945121951219512,-288.5
752.0,171.0,0.18526543878656554,-288
1234.0,78.0,0.05945121951219512,-287.5
777.0,146.0,0.1581798483206934,-287
1234.0,78.0,0.05945121951219512,-286.5
777.0,146.0,0.1581798483206934,-286
1238.0,74.0,0.056402439024390245,-285.5
864.0,59.0,0.06392199349945829,-285
1244.0,68.0,0.051829268292682924,-284.5
866.0,57.0,0.06175514626218852,-284
1276.0,36.0,0.027439024390243903,-283.5
937.0,58.0,0.05829145728643216,-283
1286.0,26.0,0.019817073170731708,-282.5
937.0,58.0,0.05829145728643216,-282
1288.0,24.0,0.018292682926829267,-281.5
1006.0,62.0,0.05805243445692884,-281
1290.0,95.0,0.06859205776173286,-280.5
1054.0,74.0,0.06560283687943262,-280
1359.0,26.0,0.018772563176895306,-279.5
1054.0,74.0,0.06560283687943262,-279
1361.0,24.0,0.017328519855595668,-278.5
1054.0,74.0,0.06560283687943262,-278
1361.0,24.0,0.017328519855595668,-277.5
1054.0,74.0,0.06560283687943262,-277
1361.0,24.0,0.017328519855595668,-276.5
1054.0,74.0,0.06560283687943262,-276
1362.0,23.0,0.01660649819494585,-275.5
1054.0,74.0,0.06560283687943262,-275
1362.0,23.0,0.01660649819494585,-274.5
1054.0,74.0,0.06560283687943262,-274
1362.0,23.0,0.01660649819494585,-273.5
1054.0,74.0,0.06560283687943262,-273
1362.0,23.0,0.01660649819494585,-272.5
1054.0,74.0,0.06560283687943262,-272
1362.0,23.0,0.01660649819494585,-271.5
1054.0,74.0,0.06560283687943262,-271
1362.0,23.0,0.01660649819494585,-270.5
1055.0,73.0,0.06471631205673758,-270
1366.0,92.0,0.06310013717421124,-269.5
1055.0,73.0,0.06471631205673758,-269
1366.0,92.0,0.06310013717421124,-268.5
1055.0,73.0,0.06471631205673758,-268
1374.0,84.0,0.05761316872427984,-267.5
1055.0,73.0,0.06471631205673758,-267
1374.0,84.0,0.05761316872427984,-266.5
1055.0,73.0,0.06471631205673758,-266
1376.0,224.0,0.14,-265.5
1056.0,72.0,0.06382978723404255,-265
1382.0,218.0,0.13625,-264.5
1056.0,72.0,0.06382978723404255,-264
1382.0,218.0,0.13625,-263.5
1058.0,70.0,0.06205673758865248,-263
1423.0,177.0,0.110625,-262.5
1061.0,67.0,0.05939716312056738,-262
1470.0,184.0,0.11124546553808948,-261.5
1062.0,66.0,0.05851063829787234,-261
1470.0,184.0,0.11124546553808948,-260.5
1068.0,133.0,0.11074104912572856,-260
1470.0,184.0,0.11124546553808948,-259.5
1068.0,133.0,0.11074104912572856,-259
1471.0,183.0,0.11064087061668681,-258.5
1069.0,132.0,0.10990840965861781,-258
1472.0,182.0,0.11003627569528417,-257.5
1078.0,196.0,0.15384615384615385,-257
1472.0,182.0,0.11003627569528417,-256.5
1119.0,228.0,0.16926503340757237,-256
1491.0,163.0,0.09854897218863362,-255.5
1135.0,285.0,0.2007042253521127,-255
1491.0,163.0,0.09854897218863362,-254.5
1187.0,379.0,0.24201787994891444,-254
1566.0,234.0,0.13,-253.5
1201.0,365.0,0.2330779054916986,-253
1568.0,232.0,0.1288888888888889,-252.5
1348.0,364.0,0.21261682242990654,-252
1684.0,189.0,0.1009076348104645,-251.5
1382.0,330.0,0.1927570093457944,-251
1948.0,363.0,0.15707485936823887,-250.5
2456.0,278.0,0.10168251645940014,-250
2093.0,218.0,0.09433145824318477,-249.5
2467.0,267.0,0.09765910753474762,-249
2098.0,213.0,0.09216789268714842,-248.5
2468.0,266.0,0.09729334308705194,-248
2102.0,209.0,0.09043704024231934,-247.5
2470.0,264.0,0.09656181419166057,-247
2109.0,202.0,0.08740804846386846,-246.5
2534.0,200.0,0.07315288953913679,-246
2118.0,193.0,0.08351363046300303,-245.5
2562.0,172.0,0.06291148500365765,-245
2128.0,183.0,0.07918649935093033,-244.5
2577.0,157.0,0.057425018288222385,-244
2132.0,179.0,0.07745564690610125,-243.5
2577.0,157.0,0.057425018288222385,-243
2145.0,166.0,0.07183037646040676,-242.5
2596.0,138.0,0.05047549378200439,-242
2146.0,165.0,0.07139766334919947,-241.5
2600.0,134.0,0.04901243599122165,-241
2156.0,155.0,0.06707053223712678,-240.5
2632.0,102.0,0.03730797366495977,-240
2185.0,126.0,0.05452185201211597,-239.5
2636.0,98.0,0.03584491587417703,-239
2186.0,125.0,0.0540891389009087,-238.5
2639.0,95.0,0.034747622531089976,-238
2221.0,163.0,0.06837248322147652,-237.5
2641.0,93.0,0.03401609363569861,-237
2254.0,130.0,0.05453020134228188,-236.5
2641.0,93.0,0.03401609363569861,-236
2259.0,125.0,0.05243288590604027,-235.5
2641.0,93.0,0.03401609363569861,-235
2259.0,125.0,0.05243288590604027,-234.5
2641.0,93.0,0.03401609363569861,-234
2260.0,124.0,0.05201342281879195,-233.5
2641.0,93.0,0.03401609363569861,-233
2293.0,164.0,0.06674806674806674,-232.5
2644.0,90.0,0.03291880029261156,-232
2293.0,164.0,0.06674806674806674,-231.5
2652.0,155.0,0.055219095119344495,-231
2320.0,137.0,0.05575905575905576,-230.5
2720.0,87.0,0.0309939437121482,-230
2378.0,79.0,0.032153032153032154,-229.5
2721.0,86.0,0.030637691485571786,-229
2383.0,74.0,0.030118030118030117,-228.5
2721.0,86.0,0.030637691485571786,-228
2450.0,80.0,0.03162055335968379,-227.5
2723.0,84.0,0.029925187032418952,-227
2459.0,71.0,0.02806324110671937,-226.5
2723.0,84.0,0.029925187032418952,-226
2464.0,139.0,0.05339992316557818,-225.5
2723.0,84.0,0.029925187032418952,-225
2538.0,115.0,0.043347154165096116,-224.5
2725.0,82.0,0.02921268257926612,-224
2610.0,116.0,0.0425531914893617,-223.5
2732.0,148.0,0.05138888888888889,-223
2625.0,174.0,0.06216505894962487,-222.5
2776.0,310.0,0.10045366169799093,-222
2789.0,302.0,0.0977030087350372,-221.5
3149.0,375.0,0.10641316685584563,-221
3386.0,396.0,0.1047065044949762,-220.5
4417.0,489.0,0.0996738687321647,-220
3557.0,225.0,0.059492332099418295,-219.5
4481.0,425.0,0.08662861801875255,-219
3576.0,206.0,0.05446853516657853,-218.5
4605.0,301.0,0.06135344476151651,-218
3663.0,119.0,0.03146483342147012,-217.5
4637.0,269.0,0.05483081940481044,-217
3674.0,108.0,0.028556319407720784,-216.5
4654.0,252.0,0.051365674684060336,-216
3678.0,247.0,0.06292993630573249,-215.5
4667.0,312.0,0.06266318537859007,-215
3683.0,242.0,0.061656050955414016,-214.5
4687.0,292.0,0.05864631452098815,-214
3686.0,273.0,0.06895680727456428,-213.5
4690.0,289.0,0.058043783892347864,-213
3697.0,262.0,0.06617832786057085,-212.5
4692.0,287.0,0.05764209680658767,-212
3706.0,253.0,0.06390502652184896,-211.5
4704.0,275.0,0.05523197429202651,-211
3714.0,245.0,0.06188431422076282,-210.5
4715.0,337.0,0.06670625494853523,-210
3744.0,215.0,0.054306643091689824,-209.5
4772.0,327.0,0.0641302216120808,-209
3744.0,215.0,0.054306643091689824,-208.5
4907.0,337.0,0.06426392067124333,-208
3818.0,214.0,0.053075396825396824,-207.5
4909.0,335.0,0.06388253241800153,-207
3821.0,211.0,0.05233134920634921,-206.5
4924.0,387.0,0.07286763321408397,-206
3824.0,208.0,0.051587301587301584,-205.5
4929.0,382.0,0.07192619092449633,-205
3825.0,254.0,0.06227016425594509,-204.5
4941.0,370.0,0.06966672942948597,-204
3844.0,301.0,0.07261761158021712,-203.5
4948.0,433.0,0.08046831443969522,-203
3844.0,301.0,0.07261761158021712,-202.5
4952.0,429.0,0.07972495818621074,-202
3896.0,468.0,0.10724106324472961,-201.5
4954.0,427.0,0.0793532800594685,-201
3918.0,446.0,0.10219981668194317,-200.5
5148.0,583.0,0.1017274472168906,-200
4009.0,355.0,0.08134738771769019,-199.5
5214.0,909.0,0.14845663890249877,-199
4044.0,466.0,0.1033259423503326,-198.5
5361.0,907.0,0.1447032546266752,-198
4057.0,526.0,0.11477198341697578,-197.5
5451.0,1036.0,0.15970402343147835,-197
4086.0,630.0,0.13358778625954199,-196.5
5481.0,1079.0,0.16448170731707318,-196
4196.0,775.0,0.155904244618789,-195.5
5655.0,1256.0,0.1817392562581392,-195
4460.0,941.0,0.17422699500092576,-194.5
5789.0,1401.0,0.19485396383866482,-194
4578.0,1179.0,0.20479416362688901,-193.5
6115.0,1722.0,0.2197269363276764,-193
4837.0,1467.0,0.23270939086294415,-192.5
6573.0,1744.0,0.20969099434892388,-192
5143.0,1570.0,0.2338745717265008,-191.5
6967.0,1899.0,0.21418903676968193,-191
6411.0,1673.0,0.2069520039584364,-190.5
12548.0,2081.0,0.14225169184496547,-190
6941.0,1349.0,0.16272617611580217,-189.5
12964.0,2083.0,0.13843291021466073,-189
7124.0,1166.0,0.14065138721351025,-188.5
13311.0,2023.0,0.1319290465631929,-188
7311.0,1159.0,0.13683589138134591,-187.5
13514.0,2004.0,0.129140353138291,-187
7468.0,1102.0,0.12858809801633606,-186.5
13719.0,2053.0,0.13016738523966523,-186
7522.0,1336.0,0.15082411379543914,-185.5
14099.0,1952.0,0.12161236060058564,-185
7677.0,1383.0,0.15264900662251657,-184.5
14294.0,1901.0,0.11738190799629515,-184
7739.0,1500.0,0.16235523325035178,-183.5
14364.0,2256.0,0.13574007220216608,-183
8073.0,1924.0,0.19245773732119636,-182.5
14441.0,2297.0,0.13723264428247103,-182
8332.0,2175.0,0.2070048539069192,-181.5
14568.0,2584.0,0.15065298507462688,-181
8669.0,2373.0,0.2149067197971382,-180.5
14895.0,3056.0,0.170241212188736,-180
9048.0,2826.0,0.23799898938858008,-179.5
15373.0,3443.0,0.18298256802721088,-179
9368.0,3096.0,0.248395378690629,-178.5
15859.0,3747.0,0.19111496480669182,-178
9976.0,3774.0,0.27447272727272726,-177.5
16203.0,4094.0,0.20170468542149086,-177
10416.0,4320.0,0.2931596091205212,-176.5
17028.0,4471.0,0.2079631610772594,-176
11044.0,4748.0,0.3006585612968592,-175.5
18082.0,5056.0,0.2185149969746737,-175
11521.0,5689.0,0.3305636257989541,-174.5
19037.0,5425.0,0.22177254517210368,-174
12436.0,6074.0,0.32814694759589413,-173.5
19907.0,6071.0,0.23369774424513048,-173
13975.0,6765.0,0.32618129218900677,-172.5
20926.0,6905.0,0.24810463152599618,-172
14901.0,7015.0,0.3200857820770214,-171.5
22069.0,8115.0,0.2688510469122714,-171
16347.0,8554.0,0.34352034054857233,-170.5
23195.0,9111.0,0.28202191543366556,-170
17664.0,9572.0,0.35144661477456307,-169.5
24899.0,10087.0,0.2883153261304522,-169
19746.0,10608.0,0.3494761810634513,-168.5
26761.0,11868.0,0.3072303191902457,-168
22104.0,11646.0,0.3450666666666667,-167.5
29496.0,13468.0,0.3134717437854948,-167
26013.0,13724.0,0.3453708130961069,-166.5
33017.0,15131.0,0.3142601977236853,-166
30125.0,15343.0,0.3374461159496789,-165.5
37640.0,16426.0,0.3038138571375726,-165
35288.0,17314.0,0.32915098285236305,-164.5
42476.0,19821.0,0.3181694142575084,-164
41305.0,19809.0,0.32413195012599405,-163.5
50645.0,20922.0,0.292341442284852,-163
49326.0,22963.0,0.3176555215869634,-162.5
61097.0,23645.0,0.27902338863845555,-162
62072.0,26627.0,0.30019504165774136,-161.5
80264.0,28943.0,0.26502879852024136,-161
94285.0,32626.0,0.25707779467500846,-160.5
183246.0,27455.0,0.13030313097707177,-160
110102.0,19604.0,0.15114181302329885,-159.5
192481.0,19417.0,0.09163371055885379,-159
115494.0,14636.0,0.11247214324137401,-158.5
196436.0,15743.0,0.07419678667540143,-158
118108.0,12108.0,0.09298396510413467,-157.5
198905.0,13408.0,0.06315204438729612,-157
120064.0,10224.0,0.07847230750337714,-156.5
200874.0,11439.0,0.053878000876065056,-156
121737.0,8624.0,0.0661547548730065,-155.5
202097.0,10218.0,0.04812660433789417,-155
122978.0,7455.0,0.057155781129008765,-154.5
203116.0,9239.0,0.043507334416425326,-154
123873.0,6572.0,0.050381386791368006,-153.5
204000.0,8355.0,0.039344493889948436,-153
124487.0,5958.0,0.04567442217026333,-152.5
204662.0,7693.0,0.03622707259070895,-152
125075.0,5370.0,0.041166775269270574,-151.5
205208.0,7147.0,0.03365590638317911,-151
125441.0,5004.0,0.03836099505538733,-150.5
205692.0,6663.0,0.03137670410397683,-150
125813.0,4632.0,0.03550921844455518,-149.5
206108.0,6247.0,0.029417720326811236,-149
126097.0,4348.0,0.033332055655640305,-148.5
206536.0,5819.0,0.027402227402227402,-148
126436.0,4009.0,0.030733259228027138,-147.5
206915.0,5440.0,0.02561748016293471,-147
126752.0,3702.0,0.028377819001333803,-146.5
207216.0,5139.0,0.024200042381860562,-146
127024.0,3430.0,0.026292792861851686,-145.5
207638.0,4717.0,0.02221280403098585,-145
127193.0,3261.0,0.02499731706195287,-144.5
207920.0,4435.0,0.020884839066657248,-144
127337.0,3117.0,0.02389347969399175,-143.5
208234.0,4121.0,0.01940618304254668,-143
127500.0,2954.0,0.022643997117757983,-142.5
208515.0,3840.0,0.018082927173836263,-142
127615.0,2839.0,0.02176246033084459,-141.5
208774.0,3581.0,0.016863271408725955,-141
127788.0,2666.0,0.020436322381835743,-140.5
209053.0,3302.0,0.015549433731251913,-140
127920.0,2534.0,0.019424471461204715,-139.5
209259.0,3096.0,0.014579360033905489,-139
128094.0,2360.0,0.018090667974918363,-138.5
209445.0,2910.0,0.013703468248922794,-138
128228.0,2226.0,0.01706348597973232,-137.5
209648.0,2707.0,0.01274752183843093,-137
128339.0,2115.0,0.016212611341928956,-136.5
209779.0,2576.0,0.012130630312448494,-136
128440.0,2014.0,0.01543839207690067,-135.5
209979.0,2376.0,0.011188811188811189,-135
128558.0,1896.0,0.014533858678154751,-134.5
210095.0,2260.0,0.010642556097101552,-134
128653.0,1801.0,0.013805632636791512,-133.5
210231.0,2124.0,0.010002119093028184,-133
128697.0,1757.0,0.01346834899658117,-132.5
210299.0,2056.0,0.0096819005909915,-132
128750.0,1704.0,0.013062075520873259,-131.5
210428.0,1927.0,0.009074427256245438,-131
128824.0,1630.0,0.012494825762337682,-130.5
210548.0,1807.0,0.008509335782063055,-130
128881.0,1573.0,0.012057890137519739,-129.5
210622.0,1733.0,0.008160862706317253,-129
128946.0,1508.0,0.011559630214481732,-128.5
210721.0,1634.0,0.0076946622401167855,-128
129001.0,1453.0,0.011138025664218804,-127.5
210807.0,1548.0,0.0072896800169527445,-127
129046.0,1408.0,0.010793076486730955,-126.5
210865.0,1490.0,0.007016552471097926,-126
129136.0,1318.0,0.010103178131755255,-125.5
210930.0,1425.0,0.006710461255915802,-125
129191.0,1263.0,0.009681573581492327,-124.5
210971.0,1384.0,0.006517388335570154,-124
129214.0,1240.0,0.009505266224109648,-123.5
211016.0,1339.0,0.00630547903275176,-123
129262.0,1192.0,0.009137320434789275,-122.5
211077.0,1278.0,0.006018224200042382,-122
129237.0,1217.0,0.00932895886672697,-121.5
211119.0,1236.0,0.005820442184078548,-121
129287.0,1167.0,0.00894568200285158,-120.5
211154.0,1201.0,0.00565562383744202,-120
129327.0,1127.0,0.008639060511751269,-119.5
211201.0,1154.0,0.005434296343387253,-119
129377.0,1077.0,0.008255783647875879,-118.5
211244.0,1111.0,0.005231805231805232,-118
129414.0,1040.0,0.007972158768608092,-117.5
211293.0,1062.0,0.005001059546514092,-117
129434.0,1020.0,0.007818848023057936,-116.5
211335.0,1020.0,0.004803277530550258,-116
129455.0,999.0,0.007657871740230273,-115.5
211377.0,978.0,0.004605495514586424,-115
129477.0,977.0,0.007489229920125101,-114.5
211445.0,910.0,0.0042852770125497396,-114
129499.0,955.0,0.00732058810001993,-113.5
211473.0,882.0,0.004153422335240517,-113
129519.0,935.0,0.007167277354469774,-112.5
211493.0,862.0,0.004059240422876786,-112
129544.0,910.0,0.00697563892253208,-111.5
211516.0,839.0,0.003950931223658497,-111
129489.0,965.0,0.007397243472795008,-110.5
211540.0,815.0,0.00383791292882202,-110
129511.0,943.0,0.007228601652689837,-109.5
211563.0,792.0,0.0037296037296037296,-109
129537.0,917.0,0.007029297683474635,-108.5
211592.0,763.0,0.0035930399566763203,-108
129561.0,893.0,0.006845324788814448,-107.5
211641.0,714.0,0.0033622942713851804,-107
129583.0,871.0,0.006676682968709277,-106.5
211660.0,695.0,0.0032728214546396362,-106
129610.0,844.0,0.0064697134622165664,-105.5
211678.0,677.0,0.003188057733512279,-105
129634.0,820.0,0.00628574056755638,-104.5
211702.0,653.0,0.003075039438675802,-104
129656.0,798.0,0.006117098747451209,-103.5
211740.0,615.0,0.0028960938051847142,-103
129674.0,780.0,0.005979119076456069,-102.5
211765.0,590.0,0.002778366414730051,-102
129701.0,753.0,0.0057721495699633585,-101.5
211776.0,579.0,0.002726566362929999,-101
129727.0,727.0,0.005572845600748157,-100.5
211799.0,556.0,0.0026182571637117093,-100
129745.0,709.0,0.005434865929753016,-99.5
211815.0,540.0,0.0025429116338207248,-99
129761.0,693.0,0.005312217333312892,-98.5
211828.0,527.0,0.0024816933907843,-98
129772.0,682.0,0.005227896423260306,-97.5
211858.0,497.0,0.002340420522238704,-97
129799.0,655.0,0.005020926916767596,-96.5
211878.0,477.0,0.0022462386098749737,-96
129811.0,643.0,0.0049289404694375025,-95.5
211886.0,469.0,0.0022085658449294814,-95
129829.0,625.0,0.004790960798442363,-94.5
211889.0,466.0,0.0021944385580749217,-94
129852.0,602.0,0.004614653441059684,-93.5
211908.0,447.0,0.0021049657413293775,-93
129879.0,575.0,0.004407683934566974,-92.5
211917.0,438.0,0.002062583880765699,-92
129884.0,570.0,0.004369356248179435,-91.5
211934.0,421.0,0.001982529255256528,-91
129898.0,556.0,0.004262038726294326,-90.5
211942.0,413.0,0.0019448564903110357,-90
129915.0,539.0,0.004131724592576694,-89.5
211949.0,406.0,0.00191189282098373,-89
129932.0,522.0,0.004001410458859061,-88.5
211970.0,385.0,0.001813001813001813,-88
129940.0,514.0,0.003940086160638999,-87.5
211982.0,373.0,0.0017564926655835747,-87
129954.0,500.0,0.0038327686387538903,-86.5
211994.0,361.0,0.0016999835181653363,-86
129967.0,487.0,0.003733116654146289,-85.5
212000.0,355.0,0.0016717289444562172,-85
129974.0,480.0,0.0036794578932037346,-84.5
212025.0,330.0,0.001554001554001554,-84
129980.0,474.0,0.003633464669538688,-83.5
212028.0,327.0,0.0015398742671469945,-83
129994.0,460.0,0.003526147147653579,-82.5
212039.0,316.0,0.0014880742153469426,-82
129999.0,455.0,0.00348781946126604,-81.5
212041.0,314.0,0.0014786560241105695,-81
130016.0,438.0,0.003357505327548408,-80.5
212051.0,304.0,0.0014315650679287042,-80
130030.0,424.0,0.003250187805663299,-79.5
212068.0,287.0,0.0013515104424195333,-79
130043.0,411.0,0.0031505358210556977,-78.5
212072.0,283.0,0.0013326740599467872,-78
130049.0,405.0,0.003104542597390651,-77.5
212076.0,279.0,0.001313837677474041,-77
130056.0,398.0,0.0030508838364480964,-76.5
212088.0,267.0,0.0012573285300558027,-76
130063.0,391.0,0.002997225075505542,-75.5
212098.0,257.0,0.0012102375738739376,-75
130076.0,378.0,0.002897573090897941,-74.5
212103.0,252.0,0.0011866920957830048,-74
130088.0,366.0,0.0028055866435678476,-73.5
212115.0,240.0,0.0011301829483647665,-73
130098.0,356.0,0.0027289312707927697,-72.5
212128.0,227.0,0.0010689647053283417,-72
130112.0,342.0,0.0026216137489076608,-71.5
212137.0,218.0,0.001026582844764663,-71
130117.0,337.0,0.002583286062520122,-70.5
212151.0,204.0,0.0009606555061100516,-70
130122.0,332.0,0.002544958376132583,-69.5
212154.0,201.0,0.000946528219255492,-69
130130.0,324.0,0.002483634077912521,-68.5
212159.0,196.0,0.0009229827411645593,-68
130141.0,313.0,0.0023993131678599353,-67.5
212166.0,189.0,0.0008900190718372536,-67
130156.0,298.0,0.0022843301086973187,-66.5
212170.0,185.0,0.0008711826893645075,-66
130158.0,296.0,0.002268999034142303,-65.5
212173.0,182.0,0.0008570554025099479,-65
130163.0,291.0,0.0022306713477547643,-64.5
212178.0,177.0,0.0008335099244190154,-64
130168.0,286.0,0.002192343661367225,-63.5
212179.0,176.0,0.0008288008288008288,-63
130192.0,262.0,0.0020083707667070383,-62.5
212179.0,176.0,0.0008288008288008288,-62
130195.0,259.0,0.001985374154874515,-61.5
212187.0,168.0,0.0007911280638553366,-61
130197.0,257.0,0.0019700430803194996,-60.5
212191.0,164.0,0.0007722916813825905,-60
130200.0,254.0,0.0019470464684869762,-59.5
212210.0,145.0,0.0006828188646370465,-59
130204.0,250.0,0.0019163843193769452,-58.5
212216.0,139.0,0.0006545642909279273,-58
130233.0,221.0,0.0016940837383292195,-57.5
212222.0,133.0,0.0006263097172188081,-57
130236.0,218.0,0.001671087126496696,-56.5
212226.0,129.0,0.000607473334746062,-56
130239.0,215.0,0.0016480905146641729,-55.5
212228.0,127.0,0.000598055143509689,-55
130243.0,211.0,0.0016174283655541416,-54.5
212230.0,125.0,0.0005886369522733159,-54
130251.0,203.0,0.0015561040673340795,-53.5
212240.0,115.0,0.0005415459960914507,-53
130252.0,202.0,0.0015484385300565716,-52.5
212241.0,114.0,0.0005368369004732642,-52
130252.0,202.0,0.0015484385300565716,-51.5
212246.0,109.0,0.0005132914223823315,-51
130256.0,198.0,0.0015177763809465406,-50.5
212248.0,107.0,0.0005038732311459584,-50
130258.0,196.0,0.001502445306391525,-49.5
212250.0,105.0,0.0004944550399095854,-49
130258.0,196.0,0.001502445306391525,-48.5
212254.0,101.0,0.00047561865743683926,-48
130264.0,190.0,0.0014564520827264782,-47.5
212264.0,91.0,0.00042852770125497396,-47
130268.0,186.0,0.0014257899336164472,-46.5
212265.0,90.0,0.0004238186056367875,-46
130269.0,185.0,0.0014181243963389393,-45.5
212266.0,89.0,0.00041910951001860095,-45
130271.0,183.0,0.0014027933217839238,-44.5
212267.0,88.0,0.0004144004144004144,-44
130271.0,183.0,0.0014027933217839238,-43.5
212269.0,86.0,0.00040498222316404136,-43
130271.0,183.0,0.0014027933217839238,-42.5
212270.0,85.0,0.0004002731275458548,-42
130272.0,182.0,0.0013951277845064161,-41.5
212273.0,82.0,0.00038614584069129523,-41
130274.0,180.0,0.0013797967099514006,-40.5
212278.0,77.0,0.0003626003626003626,-40
130275.0,179.0,0.0013721311726738927,-39.5
212278.0,77.0,0.0003626003626003626,-39
130280.0,174.0,0.0013338034862863538,-38.5
212279.0,76.0,0.00035789126698217605,-38
130280.0,174.0,0.0013338034862863538,-37.5
212279.0,76.0,0.00035789126698217605,-37
130280.0,174.0,0.0013338034862863538,-36.5
212280.0,75.0,0.0003531821713639895,-36
130281.0,173.0,0.0013261379490088461,-35.5
212281.0,74.0,0.00034847307574580304,-35
130281.0,173.0,0.0013261379490088461,-34.5
212282.0,73.0,0.0003437639801276165,-34
130282.0,172.0,0.0013184724117313383,-33.5
212282.0,73.0,0.0003437639801276165,-33
130283.0,171.0,0.0013108068744538304,-32.5
212284.0,71.0,0.00033434578889124345,-32
130290.0,164.0,0.001257148113511276,-31.5
212286.0,69.0,0.0003249275976548704,-31
130296.0,158.0,0.0012111548898462293,-30.5
212286.0,69.0,0.0003249275976548704,-30
130296.0,158.0,0.0012111548898462293,-29.5
212287.0,68.0,0.00032021850203668386,-29
130296.0,158.0,0.0012111548898462293,-28.5
212287.0,68.0,0.00032021850203668386,-28
130296.0,158.0,0.0012111548898462293,-27.5
212287.0,68.0,0.00032021850203668386,-27
130297.0,157.0,0.0012034893525687215,-26.5
212290.0,65.0,0.00030609121518212427,-26
130298.0,156.0,0.0011958238152912138,-25.5
212295.0,60.0,0.0002825457370911916,-25
130298.0,156.0,0.0011958238152912138,-24.5
212295.0,60.0,0.0002825457370911916,-24
130301.0,153.0,0.0011728272034586904,-23.5
212297.0,58.0,0.00027312754585481856,-23
130301.0,153.0,0.0011728272034586904,-22.5
212298.0,57.0,0.0002684184502366321,-22
130301.0,153.0,0.0011728272034586904,-21.5
212305.0,50.0,0.00023545478090932637,-21
130301.0,153.0,0.0011728272034586904,-20.5
212305.0,50.0,0.00023545478090932637,-20
130301.0,153.0,0.0011728272034586904,-19.5
212305.0,50.0,0.00023545478090932637,-19
130301.0,153.0,0.0011728272034586904,-18.5
212305.0,50.0,0.00023545478090932637,-18
130301.0,153.0,0.0011728272034586904,-17.5
212305.0,50.0,0.00023545478090932637,-17
130301.0,153.0,0.0011728272034586904,-16.5
212305.0,50.0,0.00023545478090932637,-16
130302.0,152.0,0.0011651616661811825,-15.5
212305.0,50.0,0.00023545478090932637,-15
130302.0,152.0,0.0011651616661811825,-14.5
212305.0,50.0,0.00023545478090932637,-14
130302.0,152.0,0.0011651616661811825,-13.5
212306.0,49.0,0.00023074568529113983,-13
130302.0,152.0,0.0011651616661811825,-12.5
212306.0,49.0,0.00023074568529113983,-12
130302.0,152.0,0.0011651616661811825,-11.5
212306.0,49.0,0.00023074568529113983,-11
130302.0,152.0,0.0011651616661811825,-10.5
212306.0,49.0,0.00023074568529113983,-10
130302.0,152.0,0.0011651616661811825,-9.5
212306.0,49.0,0.00023074568529113983,-9
130302.0,152.0,0.0011651616661811825,-8.5
212306.0,49.0,0.00023074568529113983,-8
130302.0,152.0,0.0011651616661811825,-7.5
212306.0,49.0,0.00023074568529113983,-7
130302.0,152.0,0.0011651616661811825,-6.5
212306.0,49.0,0.00023074568529113983,-6
130302.0,152.0,0.0011651616661811825,-5.5
212306.0,49.0,0.00023074568529113983,-5
130302.0,152.0,0.0011651616661811825,-4.5
212306.0,49.0,0.00023074568529113983,-4
130302.0,152.0,0.0011651616661811825,-3.5
212306.0,49.0,0.00023074568529113983,-3
130302.0,152.0,0.0011651616661811825,-2.5
212306.0,49.0,0.00023074568529113983,-2
130302.0,152.0,0.0011651616661811825,-1.5
212306.0,49.0,0.00023074568529113983,-1
130302.0,152.0,0.0011651616661811825,-0.5
212306.0,49.0,0.00023074568529113983,0
130302.0,152.0,0.0011651616661811825,0.5
212306.0,49.0,0.00023074568529113983,1
130302.0,152.0,0.0011651616661811825,1.5
212306.0,49.0,0.00023074568529113983,2
130302.0,152.0,0.0011651616661811825,2.5
212306.0,49.0,0.00023074568529113983,3
130302.0,152.0,0.0011651616661811825,3.5
212306.0,49.0,0.00023074568529113983,4
130303.0,151.0,0.0011574961289036749,4.5
212307.0,48.0,0.0002260365896729533,5
130303.0,151.0,0.0011574961289036749,5.5
212307.0,48.0,0.0002260365896729533,6
130303.0,151.0,0.0011574961289036749,6.5
212307.0,48.0,0.0002260365896729533,7
130303.0,151.0,0.0011574961289036749,7.5
212307.0,48.0,0.0002260365896729533,8
130303.0,151.0,0.0011574961289036749,8.5
212307.0,48.0,0.0002260365896729533,9
130302.0,152.0,0.0011651616661811825,9.5
212307.0,48.0,0.0002260365896729533,10
130302.0,152.0,0.0011651616661811825,10.5
212307.0,48.0,0.0002260365896729533,11
130303.0,151.0,0.0011574961289036749,11.5
212307.0,48.0,0.0002260365896729533,12
130303.0,151.0,0.0011574961289036749,12.5
212307.0,48.0,0.0002260365896729533,13
130303.0,151.0,0.0011574961289036749,13.5
212307.0,48.0,0.0002260365896729533,14
130303.0,151.0,0.0011574961289036749,14.5
212307.0,48.0,0.0002260365896729533,15
130303.0,151.0,0.0011574961289036749,15.5
212304.0,51.0,0.0002401638765275129,16
130303.0,151.0,0.0011574961289036749,16.5
212303.0,52.0,0.0002448729721456994,17
130303.0,151.0,0.0011574961289036749,17.5
212301.0,54.0,0.0002542911633820725,18
130303.0,151.0,0.0011574961289036749,18.5
212301.0,54.0,0.0002542911633820725,19
130303.0,151.0,0.0011574961289036749,19.5
212300.0,55.0,0.000259000259000259,20
130303.0,151.0,0.0011574961289036749,20.5
212300.0,55.0,0.000259000259000259,21
130303.0,151.0,0.0011574961289036749,21.5
212299.0,56.0,0.00026370935461844555,22
130303.0,151.0,0.0011574961289036749,22.5
212299.0,56.0,0.00026370935461844555,23
130303.0,151.0,0.0011574961289036749,23.5
212300.0,55.0,0.000259000259000259,24
130301.0,153.0,0.0011728272034586904,24.5
212300.0,55.0,0.000259000259000259,25
130297.0,157.0,0.0012034893525687215,25.5
212300.0,55.0,0.000259000259000259,26
130296.0,158.0,0.0012111548898462293,26.5
212300.0,55.0,0.000259000259000259,27
130295.0,159.0,0.001218820427123737,27.5
212298.0,57.0,0.0002684184502366321,28
130295.0,159.0,0.001218820427123737,28.5
212298.0,57.0,0.0002684184502366321,29
130294.0,160.0,0.0012264859644012449,29.5
212298.0,57.0,0.0002684184502366321,30
130292.0,162.0,0.0012418170389562604,30.5
212297.0,58.0,0.00027312754585481856,31
130290.0,164.0,0.001257148113511276,31.5
212297.0,58.0,0.00027312754585481856,32
130290.0,164.0,0.001257148113511276,32.5
212296.0,59.0,0.0002778366414730051,33
130287.0,167.0,0.0012801447253437993,33.5
212293.0,62.0,0.0002919639283275647,34
130286.0,168.0,0.0012878102626213072,34.5
212292.0,63.0,0.0002966730239457512,35
130286.0,168.0,0.0012878102626213072,35.5
212292.0,63.0,0.0002966730239457512,36
130284.0,170.0,0.0013031413371763227,36.5
212291.0,64.0,0.00030138211956393774,37
130284.0,170.0,0.0013031413371763227,37.5
212291.0,64.0,0.00030138211956393774,38
130281.0,173.0,0.0013261379490088461,38.5
212291.0,64.0,0.00030138211956393774,39
130278.0,176.0,0.0013491345608413693,39.5
212289.0,66.0,0.0003108003108003108,40
130276.0,178.0,0.0013644656353963848,40.5
212286.0,69.0,0.0003249275976548704,41
130274.0,180.0,0.0013797967099514006,41.5
212284.0,71.0,0.00033434578889124345,42
130271.0,183.0,0.0014027933217839238,42.5
212281.0,74.0,0.00034847307574580304,43
130269.0,185.0,0.0014181243963389393,43.5
212280.0,75.0,0.0003531821713639895,44
130268.0,186.0,0.0014257899336164472,44.5
212270.0,85.0,0.0004002731275458548,45
130268.0,186.0,0.0014257899336164472,45.5
212268.0,87.0,0.0004096913187822279,46
130267.0,187.0,0.001433455470893955,46.5
212264.0,91.0,0.00042852770125497396,47
130267.0,187.0,0.001433455470893955,47.5
212261.0,94.0,0.00044265498810953355,48
130265.0,189.0,0.0014487865454489706,48.5
212259.0,96.0,0.0004520731793459066,49
130263.0,191.0,0.001464117620003986,49.5
212258.0,97.0,0.00045678227496409314,50
130262.0,192.0,0.0014717831572814938,50.5
212256.0,99.0,0.0004662004662004662,51
130260.0,194.0,0.0014871142318365095,51.5
212249.0,106.0,0.0004991641355277719,52
130258.0,196.0,0.001502445306391525,52.5
212248.0,107.0,0.0005038732311459584,53
130256.0,198.0,0.0015177763809465406,53.5
212247.0,108.0,0.000508582326764145,54
130252.0,202.0,0.0015484385300565716,54.5
212247.0,108.0,0.000508582326764145,55
130252.0,202.0,0.0015484385300565716,55.5
212246.0,109.0,0.0005132914223823315,56
130252.0,202.0,0.0015484385300565716,56.5
212245.0,110.0,0.000518000518000518,57
130249.0,205.0,0.001571435141889095,57.5
212243.0,112.0,0.0005274187092368911,58
130248.0,206.0,0.0015791006791666027,58.5
212223.0,132.0,0.0006216006216006216,59
130238.0,216.0,0.0016557560519416805,59.5
212220.0,135.0,0.0006357279084551812,60
130236.0,218.0,0.001671087126496696,60.5
212206.0,149.0,0.0007016552471097925,61
130224.0,230.0,0.0017630735738267895,61.5
212234.0,121.0,0.0005698005698005698,62
130223.0,231.0,0.0017707391111042973,62.5
212244.0,111.0,0.0005227096136187046,63
130223.0,231.0,0.0017707391111042973,63.5
212231.0,124.0,0.0005839278566551294,64
130222.0,232.0,0.001778404648381805,64.5
212223.0,132.0,0.0006216006216006216,65
130220.0,234.0,0.0017937357229368207,65.5
212222.0,133.0,0.0006263097172188081,66
130219.0,235.0,0.0018014012602143284,66.5
212219.0,136.0,0.0006404370040733677,67
130214.0,240.0,0.0018397289466018673,67.5
212214.0,141.0,0.0006639824821643004,68
130211.0,243.0,0.0018627255584343907,68.5
212206.0,149.0,0.0007016552471097925,69
130205.0,249.0,0.0019087187820994373,69.5
212200.0,155.0,0.0007299098208189117,70
130202.0,252.0,0.0019317153939319607,70.5
212198.0,157.0,0.0007393280120552848,71
130198.0,256.0,0.001962377543041992,71.5
212194.0,161.0,0.0007581643945280309,72
130191.0,263.0,0.0020160363039845464,72.5
212183.0,172.0,0.0008099644463280827,73
130184.0,270.0,0.002069695064927101,73.5
212179.0,176.0,0.0008288008288008288,74
130174.0,280.0,0.0021463504377021787,74.5
212172.0,183.0,0.0008617644981281344,75
130165.0,289.0,0.0022153402731997485,75.5
212166.0,189.0,0.0008900190718372536,76
130158.0,296.0,0.002268999034142303,76.5
212161.0,194.0,0.0009135645499281863,77
130157.0,297.0,0.0022766645714198106,77.5
212156.0,199.0,0.0009371100280191189,78
130153.0,301.0,0.002307326720529842,78.5
212153.0,202.0,0.0009512373148736785,79
130150.0,304.0,0.002330323332362365,79.5
212149.0,206.0,0.0009700736973464246,80
130142.0,312.0,0.0023916476305824276,80.5
212145.0,210.0,0.0009889100798191708,81
130133.0,321.0,0.0024606374660799974,81.5
212140.0,215.0,0.0010124555579101033,82
130129.0,325.0,0.0024912996151900285,82.5
212137.0,218.0,0.001026582844764663,83
130121.0,333.0,0.002552623913410091,83.5
212122.0,233.0,0.0010972192790374609,84
130106.0,348.0,0.0026676069725727076,84.5
212117.0,238.0,0.0011207647571283934,85
130098.0,356.0,0.0027289312707927697,85.5
212115.0,240.0,0.0011301829483647665,86
130085.0,369.0,0.002828583255400371,86.5
212111.0,244.0,0.0011490193308375126,87
130076.0,378.0,0.002897573090897941,87.5
212103.0,252.0,0.0011866920957830048,88
130068.0,386.0,0.0029588973891180033,88.5
212085.0,270.0,0.0012714558169103624,89
130062.0,392.0,0.00300489061278305,89.5
212079.0,276.0,0.0012997103906194816,90
130053.0,401.0,0.00307388044828062,90.5
212052.0,303.0,0.0014268559723105178,91
130018.0,436.0,0.003342174252993392,91.5
212039.0,316.0,0.0014880742153469426,92
129985.0,469.0,0.003595136983151149,92.5
212020.0,335.0,0.0015775470320924865,93
129967.0,487.0,0.003733116654146289,93.5
211995.0,360.0,0.00169527442254715,94
129953.0,501.0,0.003840434176031398,94.5
211983.0,372.0,0.001751783569965388,95
129942.0,512.0,0.003924755086083984,95.5
211977.0,378.0,0.0017800381436745073,96
129930.0,524.0,0.004016741533414077,96.5
211968.0,387.0,0.0018224200042381861,97
129911.0,543.0,0.004162386741686725,97.5
211950.0,405.0,0.0019071837253655435,98
129904.0,550.0,0.004216045502629279,98.5
211920.0,435.0,0.002048456593911139,99
129895.0,559.0,0.004285035338126849,99.5
211893.0,462.0,0.0021756021756021756,100
129884.0,570.0,0.004369356248179435,100.5
211847.0,508.0,0.002392220574038756,101
129877.0,577.0,0.004423015009121989,101.5
211813.0,542.0,0.0025523298250570976,102
129862.0,592.0,0.004537998068284606,102.5
211784.0,571.0,0.002688893597984507,103
129850.0,604.0,0.0046299845156146996,103.5
211760.0,595.0,0.0028019118928209836,104
129836.0,618.0,0.0047373020374998085,104.5
211750.0,605.0,0.002849002849002849,105
129821.0,633.0,0.004852285096662425,105.5
211712.0,643.0,0.003027948482493937,106
129794.0,660.0,0.005059254603155135,106.5
211686.0,669.0,0.0031503849685667867,107
129783.0,671.0,0.00514357551320772,107.5
211656.0,699.0,0.0032916578371123824,108
129749.0,705.0,0.005404203780642985,108.5
211637.0,718.0,0.0033811306538579266,109
129734.0,720.0,0.005519186839805602,109.5
211609.0,746.0,0.0035129853311671494,110
129717.0,737.0,0.005649500973523234,110.5
211585.0,770.0,0.003626003626003626,111
129695.0,759.0,0.005818142793628405,111.5
211566.0,789.0,0.00371547644274917,112
129661.0,793.0,0.00607877106106367,112.5
211535.0,820.0,0.0038614584069129525,113
129647.0,807.0,0.006186088582948779,113.5
211513.0,842.0,0.003965058510513056,114
129627.0,827.0,0.0063393993284989346,114.5
211460.0,895.0,0.0042146405782769415,115
129597.0,857.0,0.006569365446824168,115.5
211415.0,940.0,0.004426549881095336,116
129572.0,882.0,0.0067610038787618626,116.5
211339.0,1016.0,0.004784441148077512,117
129541.0,913.0,0.006998635534364603,117.5
211311.0,1044.0,0.004916295825386735,118
129530.0,924.0,0.007082956444417189,118.5
211262.0,1093.0,0.005147041510677874,119
129506.0,948.0,0.007266929339077376,119.5
211219.0,1136.0,0.005349532622259895,120
129479.0,975.0,0.007473898845570086,120.5
211175.0,1180.0,0.005556732829460102,121
129439.0,1015.0,0.007780520336670397,121.5
211135.0,1220.0,0.005745096654187563,122
129395.0,1059.0,0.00811780397688074,122.5
211090.0,1265.0,0.005957005957005957,123
129377.0,1077.0,0.008255783647875879,123.5
211039.0,1316.0,0.00619716983353347,124
129351.0,1103.0,0.008455087617091081,124.5
210985.0,1370.0,0.006451460996915542,125
129331.0,1123.0,0.008608398362641238,125.5
210934.0,1421.0,0.006691624873443055,126
129288.0,1166.0,0.008938016465574072,126.5
210846.0,1509.0,0.00710602528784347,127
129231.0,1223.0,0.009374952090392016,127.5
210770.0,1585.0,0.007463916554825646,128
129175.0,1279.0,0.009804222177932451,128.5
210650.0,1705.0,0.00802900802900803,129
129072.0,1382.0,0.010593772517515752,129.5
210560.0,1795.0,0.008452826634644816,130
129027.0,1427.0,0.010938721695003603,130.5
210459.0,1896.0,0.008928445292081656,131
128941.0,1513.0,0.011597957900869272,131.5
210359.0,1996.0,0.009399354853900308,132
128837.0,1617.0,0.01239517377773008,132.5
210248.0,2107.0,0.009922064467519013,133
128747.0,1707.0,0.013085072132705782,133.5
210115.0,2240.0,0.010548374184737822,134
128642.0,1812.0,0.013889953546844098,134.5
209983.0,2372.0,0.011169974806338443,135
128493.0,1961.0,0.015032118601192758,135.5
209853.0,2502.0,0.011782157236702692,136
128406.0,2048.0,0.015699020344335936,136.5
209706.0,2649.0,0.01247439429257611,137
128323.0,2131.0,0.01633525993836908,137.5
209538.0,2817.0,0.013265522356431447,138
128192.0,2262.0,0.0173394453217226,138.5
209367.0,2988.0,0.014070777707141343,139
128022.0,2432.0,0.01864258665889892,139.5
209095.0,3260.0,0.01535165171528808,140
127867.0,2587.0,0.019830744936912628,140.5
208828.0,3527.0,0.016608980245343883,141
127729.0,2725.0,0.020888589081208702,141.5
208548.0,3807.0,0.01792752701843611,142
127546.0,2908.0,0.022291382402992627,142.5
208261.0,4094.0,0.019279037460855644,143
127361.0,3093.0,0.023709506799331564,143.5
208020.0,4335.0,0.020413929504838595,144
127204.0,3250.0,0.024912996151900287,144.5
207726.0,4629.0,0.021798403616585436,145
127048.0,3406.0,0.0261088199671915,145.5
207326.0,5029.0,0.023682041863860047,146
126795.0,3650.0,0.027981141477250948,146.5
206948.0,5407.0,0.025462080007534554,147
126541.0,3904.0,0.02992832228142129,147.5
206593.0,5762.0,0.02713380895199077,148
126272.0,4173.0,0.031990494077963894,148.5
206237.0,6118.0,0.028810246992065174,149
126003.0,4442.0,0.0340526658745065,149.5
205853.0,6502.0,0.030618539709448802,150
125753.0,4692.0,0.03596918241404423,150.5
205445.0,6910.0,0.0325398507216689,151
125329.0,5116.0,0.03921959446510023,151.5
204794.0,7561.0,0.035605471969108335,152
124934.0,5511.0,0.04224769059756986,152.5
204064.0,8291.0,0.0390431117703845,153
124551.0,5882.0,0.045095949644645146,153.5
203359.0,8956.0,0.04218260603348798,154
123551.0,6810.0,0.05223955017221408,154.5
202171.0,10142.0,0.04776909562768177,155
122418.0,7870.0,0.060404642023824145,155.5
200811.0,11502.0,0.054174732588207035,156
121154.0,9062.0,0.06959206241936475,156.5
198900.0,13279.0,0.06258395034381348,157
118584.0,11546.0,0.0887266579574272,157.5
195461.0,16437.0,0.07757034044681875,158
114855.0,14851.0,0.11449740181641559,158.5
188994.0,21707.0,0.10302276685919858,159
104119.0,22792.0,0.1795904216340585,159.5
85927.0,23280.0,0.2131731482414131,160
69199.0,19500.0,0.21984464311886268,160.5
64092.0,20650.0,0.24368081942838263,161
54053.0,18236.0,0.25226521324129536,161.5
53327.0,18240.0,0.25486606955719815,162
45122.0,15992.0,0.26167490264096605,162.5
46948.0,15349.0,0.24638425606369488,163
38481.0,14121.0,0.26844986882628036,163.5
39782.0,14284.0,0.2641956127695779,164
32704.0,12764.0,0.28072490542799333,164.5
35508.0,12640.0,0.26252388468887594,165
28377.0,11360.0,0.2858796587563228,165.5
32041.0,10923.0,0.2542361046457499,166
24188.0,9562.0,0.2833185185185185,166.5
29152.0,9477.0,0.24533381656268607,167
21806.0,8548.0,0.28161033142254727,167.5
26296.0,8690.0,0.2483850683130395,168
19162.0,8074.0,0.2964458804523425,168.5
24592.0,7714.0,0.23877917414721722,169
17426.0,7475.0,0.30018874743986185,169.5
22874.0,7310.0,0.24218128809965545,170
15570.0,6346.0,0.2895601387114437,170.5
21523.0,6308.0,0.22665373145054077,171
14670.0,6070.0,0.2926711668273867,171.5
20449.0,5529.0,0.21283393640772963,172
13309.0,5201.0,0.2809832522960562,172.5
19501.0,4961.0,0.2028043496034666,173
12482.0,4728.0,0.2747239976757699,173.5
18430.0,4708.0,0.2034748033537903,174
11342.0,4450.0,0.28178824721377915,174.5
17558.0,3941.0,0.18331085166751943,175
10772.0,3964.0,0.2690010857763301,175.5
16753.0,3544.0,0.1746070847908558,176
10168.0,3582.0,0.2605090909090909,176.5
16195.0,3411.0,0.1739773538712639,177
9447.0,3017.0,0.2420571245186136,177.5
15714.0,3102.0,0.16485969387755103,178
9114.0,2760.0,0.23244062657908035,178.5
15292.0,2659.0,0.1481254526210239,179
8725.0,2317.0,0.20983517478717623,179.5
15070.0,2082.0,0.12138526119402986,180
8487.0,2020.0,0.19225278385838013,180.5
14525.0,2213.0,0.13221412355120085,181
8009.0,1988.0,0.1988596578973692,181.5
14300.0,2320.0,0.13959085439229843,182
7746.0,1493.0,0.16159757549518347,182.5
13984.0,2211.0,0.13652361840074098,183
7647.0,1413.0,0.15596026490066225,183.5
13706.0,2345.0,0.14609681639773223,184
7520.0,1338.0,0.15104989839692934,184.5
13600.0,2172.0,0.1377124017245752,185
7496.0,1074.0,0.12532088681446907,185.5
13409.0,2109.0,0.13590668900631525,186
7471.0,999.0,0.1179456906729634,186.5
13244.0,2090.0,0.13629842180774748,187
7435.0,855.0,0.10313630880579011,187.5
13040.0,2007.0,0.13338206951551804,188
7312.0,978.0,0.11797346200241254,188.5
12751.0,1878.0,0.12837514525941623,189
6861.0,1223.0,0.1512864918357249,189.5
7359.0,1507.0,0.16997518610421836,190
5594.0,1119.0,0.16669149411589454,190.5
6752.0,1565.0,0.18816881086930384,191
5351.0,953.0,0.15117385786802032,191.5
6382.0,1455.0,0.18565777721066734,192
4967.0,790.0,0.13722424874066355,192.5
5959.0,1231.0,0.17121001390820584,193
4794.0,607.0,0.11238659507498612,193.5
5882.0,1029.0,0.14889306902040225,194
4361.0,610.0,0.12271172802253068,194.5
5796.0,764.0,0.11646341463414635,195
4114.0,602.0,0.12765055131467345,195.5
5691.0,796.0,0.12270695236627101,196
4070.0,513.0,0.11193541348461707,196.5
5545.0,723.0,0.11534779834077856,197
4018.0,492.0,0.10909090909090909,197.5
5524.0,599.0,0.09782786215907235,198
3993.0,371.0,0.08501374885426215,198.5
5291.0,440.0,0.07677543186180422,199
3993.0,371.0,0.08501374885426215,199.5
5118.0,263.0,0.04887567366660472,200
3857.0,507.0,0.11617781851512374,200.5
5108.0,273.0,0.05073406430031593,201
3707.0,438.0,0.10566948130277443,201.5
5050.0,331.0,0.061512729975840924,202
3705.0,440.0,0.10615199034981906,202.5
5036.0,275.0,0.05177932592732065,203
3704.0,375.0,0.09193429762196617,203.5
5034.0,277.0,0.052155902843155716,204
3663.0,369.0,0.09151785714285714,204.5
5034.0,277.0,0.052155902843155716,205
3661.0,371.0,0.0920138888888889,205.5
5033.0,211.0,0.04023646071700992,206
3655.0,377.0,0.09350198412698413,206.5
5033.0,211.0,0.04023646071700992,207
3649.0,310.0,0.07830260166708765,207.5
4959.0,140.0,0.02745636399293979,208
3643.0,316.0,0.07981813589290225,208.5
4948.0,104.0,0.02058590657165479,209
3637.0,322.0,0.08133367011871685,209.5
4893.0,86.0,0.017272544687688293,210
3623.0,336.0,0.08486991664561758,210.5
4893.0,86.0,0.017272544687688293,211
3620.0,339.0,0.08562768375852488,211.5
4887.0,92.0,0.018477605944968868,212
3616.0,343.0,0.08663803990906795,212.5
4868.0,111.0,0.0222936332596907,213
3604.0,321.0,0.08178343949044586,213.5
4862.0,117.0,0.02349869451697128,214
3590.0,335.0,0.08535031847133757,214.5
4800.0,106.0,0.02160619649408887,215
3508.0,274.0,0.07244843997884717,215.5
4728.0,178.0,0.03628210354667754,216
3508.0,274.0,0.07244843997884717,216.5
4709.0,197.0,0.04015491235222177,217
3507.0,275.0,0.07271285034373347,217.5
4687.0,219.0,0.0446392172849572,218
3507.0,275.0,0.07271285034373347,218.5
4577.0,329.0,0.06706074194863433,219
3379.0,403.0,0.10655737704918032,219.5
3390.0,134.0,0.038024971623155504,220
2735.0,356.0,0.1151730831446134,220.5
3070.0,16.0,0.005184705119896306,221
2502.0,297.0,0.10610932475884244,221.5
2870.0,10.0,0.003472222222222222,222
2434.0,292.0,0.10711665443873808,222.5
2798.0,9.0,0.003206270039187745,223
2360.0,293.0,0.11044101017715793,223.5
2798.0,9.0,0.003206270039187745,224
2282.0,321.0,0.12331924702266615,224.5
2786.0,21.0,0.007481296758104738,225
2281.0,249.0,0.09841897233201581,225.5
2785.0,22.0,0.007837548984681154,226
2281.0,249.0,0.09841897233201581,226.5
2784.0,23.0,0.008193801211257571,227
2210.0,247.0,0.10052910052910052,227.5
2783.0,24.0,0.008550053437833986,228
2210.0,247.0,0.10052910052910052,228.5
2783.0,24.0,0.008550053437833986,229
2210.0,247.0,0.10052910052910052,229.5
2714.0,93.0,0.033131457071606696,230
2210.0,247.0,0.10052910052910052,230.5
2710.0,24.0,0.008778346744696415,231
2210.0,247.0,0.10052910052910052,231.5
2710.0,24.0,0.008778346744696415,232
2137.0,247.0,0.10360738255033557,232.5
2710.0,24.0,0.008778346744696415,233
2137.0,247.0,0.10360738255033557,233.5
2710.0,24.0,0.008778346744696415,234
2070.0,314.0,0.13171140939597314,234.5
2710.0,24.0,0.008778346744696415,235
2063.0,321.0,0.13464765100671142,235.5
2702.0,32.0,0.011704462326261888,236
2063.0,321.0,0.13464765100671142,236.5
2697.0,37.0,0.013533284564740308,237
2056.0,255.0,0.11034184335785374,237.5
2687.0,47.0,0.017190929041697146,238
2056.0,255.0,0.11034184335785374,238.5
2687.0,47.0,0.017190929041697146,239
2056.0,255.0,0.11034184335785374,239.5
2684.0,50.0,0.018288222384784197,240
2056.0,255.0,0.11034184335785374,240.5
2675.0,59.0,0.021580102414045354,241
2056.0,255.0,0.11034184335785374,241.5
2674.0,60.0,0.021945866861741038,242
2056.0,255.0,0.11034184335785374,242.5
2673.0,61.0,0.02231163130943672,243
2056.0,255.0,0.11034184335785374,243.5
2673.0,61.0,0.02231163130943672,244
2056.0,255.0,0.11034184335785374,244.5
2670.0,64.0,0.023408924652523776,245
2056.0,255.0,0.11034184335785374,245.5
2663.0,71.0,0.02596927578639356,246
2056.0,255.0,0.11034184335785374,246.5
2662.0,72.0,0.026335040234089245,247
2048.0,263.0,0.1138035482475119,247.5
2588.0,146.0,0.053401609363569864,248
2048.0,263.0,0.1138035482475119,248.5
2486.0,248.0,0.09070958302852963,249
2042.0,269.0,0.11639982691475552,249.5
1518.0,194.0,0.1133177570093458,250
1575.0,298.0,0.1591030432461292,250.5
1497.0,215.0,0.12558411214953272,251
1500.0,300.0,0.16666666666666666,251.5
1437.0,129.0,0.08237547892720307,252
1499.0,301.0,0.16722222222222222,252.5
1395.0,171.0,0.10919540229885058,253
1359.0,295.0,0.17835550181378476,253.5
1344.0,76.0,0.05352112676056338,254
1355.0,299.0,0.1807738814993954,254.5
1268.0,79.0,0.05864884929472903,255
1353.0,301.0,0.18198307134220074,255.5
1199.0,75.0,0.05886970172684458,256
1345.0,309.0,0.186819830713422,256.5
1126.0,75.0,0.06244796003330558,257
1334.0,320.0,0.19347037484885127,257.5
1126.0,75.0,0.06244796003330558,258
1323.0,331.0,0.20012091898428053,258.5
1126.0,75.0,0.06244796003330558,259
1297.0,357.0,0.2158403869407497,259.5
1125.0,3.0,0.0026595744680851063,260
1295.0,359.0,0.21704957678355502,260.5
1123.0,5.0,0.004432624113475178,261
1295.0,305.0,0.190625,261.5
1123.0,5.0,0.004432624113475178,262
1294.0,306.0,0.19125,262.5
1123.0,5.0,0.004432624113475178,263
1284.0,316.0,0.1975,263.5
1123.0,5.0,0.004432624113475178,264
1276.0,324.0,0.2025,264.5
1107.0,21.0,0.018617021276595744,265
1152.0,306.0,0.20987654320987653,265.5
1106.0,22.0,0.01950354609929078,266
1152.0,306.0,0.20987654320987653,266.5
1106.0,22.0,0.01950354609929078,267
1152.0,306.0,0.20987654320987653,267.5
1106.0,22.0,0.01950354609929078,268
1100.0,358.0,0.24554183813443073,268.5
1101.0,27.0,0.023936170212765957,269
1081.0,304.0,0.21949458483754514,269.5
1101.0,27.0,0.023936170212765957,270
1081.0,304.0,0.21949458483754514,270.5
1101.0,27.0,0.023936170212765957,271
1081.0,304.0,0.21949458483754514,271.5
1101.0,27.0,0.023936170212765957,272
1081.0,304.0,0.21949458483754514,272.5
1100.0,28.0,0.024822695035460994,273
1081.0,304.0,0.21949458483754514,273.5
1100.0,28.0,0.024822695035460994,274
1081.0,304.0,0.21949458483754514,274.5
1076.0,52.0,0.04609929078014184,275
1081.0,304.0,0.21949458483754514,275.5
1076.0,52.0,0.04609929078014184,276
1081.0,304.0,0.21949458483754514,276.5
1075.0,53.0,0.04698581560283688,277
1081.0,304.0,0.21949458483754514,277.5
1075.0,53.0,0.04698581560283688,278
1081.0,304.0,0.21949458483754514,278.5
1060.0,68.0,0.06028368794326241,279
1081.0,304.0,0.21949458483754514,279.5
933.0,135.0,0.12640449438202248,280
1008.0,304.0,0.23170731707317074,280.5
889.0,106.0,0.10653266331658291,281
1008.0,304.0,0.23170731707317074,281.5
882.0,113.0,0.1135678391959799,282
1008.0,304.0,0.23170731707317074,282.5
853.0,70.0,0.07583965330444203,283
1008.0,304.0,0.23170731707317074,283.5
850.0,73.0,0.0790899241603467,284
1008.0,304.0,0.23170731707317074,284.5
813.0,110.0,0.11917659804983749,285
1008.0,304.0,0.23170731707317074,285.5
789.0,134.0,0.14517876489707476,286
1008.0,304.0,0.23170731707317074,286.5
783.0,140.0,0.15167930660888407,287
1008.0,304.0,0.23170731707317074,287.5
782.0,68.0,0.08,288
1008.0,304.0,0.23170731707317074,288.5
782.0,68.0,0.08,289
1007.0,305.0,0.23246951219512196,289.5
782.0,68.0,0.08,290
1007.0,305.0,0.23246951219512196,290.5
781.0,69.0,0.0811764705882353,291
1007.0,305.0,0.23246951219512196,291.5
781.0,69.0,0.0811764705882353,292
1007.0,305.0,0.23246951219512196,292.5
775.0,2.0,0.002574002574002574,293
1007.0,305.0,0.23246951219512196,293.5
775.0,2.0,0.002574002574002574,294
1007.0,305.0,0.23246951219512196,294.5
774.0,3.0,0.003861003861003861,295
1007.0,305.0,0.23246951219512196,295.5
773.0,4.0,0.005148005148005148,296
1001.0,239.0,0.19274193548387097,296.5
771.0,6.0,0.007722007722007722,297
1001.0,239.0,0.19274193548387097,297.5
696.0,8.0,0.011363636363636364,298
994.0,246.0,0.19838709677419356,298.5
692.0,12.0,0.017045454545454544,299
928.0,239.0,0.20479862896315337,299.5
692.0,12.0,0.017045454545454544,300
928.0,239.0,0.20479862896315337,300.5
692.0,12.0,0.017045454545454544,301
928.0,239.0,0.20479862896315337,301.5
692.0,12.0,0.017045454545454544,302
928.0,239.0,0.20479862896315337,302.5
692.0,12.0,0.017045454545454544,303
928.0,239.0,0.20479862896315337,303.5
692.0,12.0,0.017045454545454544,304
868.0,228.0,0.20802919708029197,304.5
692.0,12.0,0.017045454545454544,305
868.0,228.0,0.20802919708029197,305.5
692.0,12.0,0.017045454545454544,306
868.0,228.0,0.20802919708029197,306.5
692.0,12.0,0.017045454545454544,307
867.0,229.0,0.20894160583941607,307.5
692.0,12.0,0.017045454545454544,308
867.0,229.0,0.20894160583941607,308.5
692.0,12.0,0.017045454545454544,309
867.0,229.0,0.20894160583941607,309.5
692.0,12.0,0.017045454545454544,310
798.0,225.0,0.21994134897360704,310.5
692.0,12.0,0.017045454545454544,311
798.0,225.0,0.21994134897360704,311.5
692.0,12.0,0.017045454545454544,312
798.0,225.0,0.21994134897360704,312.5
692.0,12.0,0.017045454545454544,313
798.0,225.0,0.21994134897360704,313.5
692.0,12.0,0.017045454545454544,314
798.0,225.0,0.21994134897360704,314.5
692.0,12.0,0.017045454545454544,315
798.0,225.0,0.21994134897360704,315.5
692.0,12.0,0.017045454545454544,316
798.0,225.0,0.21994134897360704,316.5
692.0,12.0,0.017045454545454544,317
798.0,225.0,0.21994134897360704,317.5
692.0,12.0,0.017045454545454544,318
798.0,225.0,0.21994134897360704,318.5
692.0,12.0,0.017045454545454544,319
798.0,225.0,0.21994134897360704,319.5
692.0,12.0,0.017045454545454544,320
798.0,225.0,0.21994134897360704,320.5
692.0,12.0,0.017045454545454544,321
798.0,225.0,0.21994134897360704,321.5
691.0,13.0,0.018465909090909092,322
798.0,225.0,0.21994134897360704,322.5
691.0,13.0,0.018465909090909092,323
798.0,225.0,0.21994134897360704,323.5
691.0,13.0,0.018465909090909092,324
798.0,225.0,0.21994134897360704,324.5
690.0,14.0,0.019886363636363636,325
798.0,225.0,0.21994134897360704,325.5
631.0,0.0,0.0,326
797.0,226.0,0.2209188660801564,326.5
631.0,0.0,0.0,327
797.0,226.0,0.2209188660801564,327.5
631.0,0.0,0.0,328
796.0,227.0,0.22189638318670576,328.5
631.0,0.0,0.0,329
724.0,226.0,0.23789473684210527,329.5
631.0,0.0,0.0,330
724.0,226.0,0.23789473684210527,330.5
628.0,3.0,0.004754358161648178,331
720.0,230.0,0.24210526315789474,331.5
628.0,3.0,0.004754358161648178,332
717.0,233.0,0.24526315789473685,332.5
628.0,3.0,0.004754358161648178,333
716.0,234.0,0.2463157894736842,333.5
628.0,3.0,0.004754358161648178,334
716.0,234.0,0.2463157894736842,334.5
628.0,3.0,0.004754358161648178,335
715.0,235.0,0.24736842105263157,335.5
628.0,3.0,0.004754358161648178,336
715.0,235.0,0.24736842105263157,336.5
628.0,3.0,0.004754358161648178,337
715.0,235.0,0.24736842105263157,337.5
628.0,3.0,0.004754358161648178,338
715.0,235.0,0.24736842105263157,338.5
627.0,4.0,0.006339144215530904,339
715.0,235.0,0.24736842105263157,339.5
627.0,4.0,0.006339144215530904,340
715.0,235.0,0.24736842105263157,340.5
627.0,4.0,0.006339144215530904,341
715.0,235.0,0.24736842105263157,341.5
627.0,4.0,0.006339144215530904,342
715.0,235.0,0.24736842105263157,342.5
627.0,4.0,0.006339144215530904,343
715.0,235.0,0.24736842105263157,343.5
626.0,5.0,0.00792393026941363,344
715.0,235.0,0.24736842105263157,344.5
485.0,5.0,0.01020408163265306,345
715.0,235.0,0.24736842105263157,345.5
484.0,6.0,0.012244897959183673,346
715.0,235.0,0.24736842105263157,346.5
484.0,6.0,0.012244897959183673,347
715.0,235.0,0.24736842105263157,347.5
484.0,6.0,0.012244897959183673,348
715.0,235.0,0.24736842105263157,348.5
483.0,7.0,0.014285714285714285,349
715.0,235.0,0.24736842105263157,349.5
483.0,7.0,0.014285714285714285,350
714.0,236.0,0.24842105263157896,350.5
416.0,7.0,0.016548463356973995,351
714.0,236.0,0.24842105263157896,351.5
416.0,7.0,0.016548463356973995,352
663.0,225.0,0.2533783783783784,352.5
416.0,7.0,0.016548463356973995,353
647.0,211.0,0.24592074592074592,353.5
416.0,7.0,0.016548463356973995,354
647.0,211.0,0.24592074592074592,354.5
416.0,7.0,0.016548463356973995,355
647.0,211.0,0.24592074592074592,355.5
416.0,7.0,0.016548463356973995,356
647.0,211.0,0.24592074592074592,356.5
416.0,7.0,0.016548463356973995,357
647.0,211.0,0.24592074592074592,357.5
416.0,7.0,0.016548463356973995,358
647.0,211.0,0.24592074592074592,358.5
414.0,9.0,0.02127659574468085,359
647.0,211.0,0.24592074592074592,359.5
414.0,9.0,0.02127659574468085,360
647.0,211.0,0.24592074592074592,360.5
414.0,9.0,0.02127659574468085,361
647.0,211.0,0.24592074592074592,361.5
414.0,9.0,0.02127659574468085,362
646.0,212.0,0.24708624708624707,362.5
414.0,9.0,0.02127659574468085,363
646.0,212.0,0.24708624708624707,363.5
414.0,9.0,0.02127659574468085,364
646.0,212.0,0.24708624708624707,364.5
414.0,9.0,0.02127659574468085,365
646.0,212.0,0.24708624708624707,365.5
414.0,9.0,0.02127659574468085,366
646.0,212.0,0.24708624708624707,366.5
344.0,6.0,0.017142857142857144,367
646.0,212.0,0.24708624708624707,367.5
344.0,6.0,0.017142857142857144,368
646.0,212.0,0.24708624708624707,368.5
338.0,12.0,0.03428571428571429,369
646.0,212.0,0.24708624708624707,369.5
316.0,34.0,0.09714285714285714,370
646.0,212.0,0.24708624708624707,370.5
270.0,7.0,0.02527075812274368,371
646.0,212.0,0.24708624708624707,371.5
270.0,7.0,0.02527075812274368,372
646.0,212.0,0.24708624708624707,372.5
270.0,7.0,0.02527075812274368,373
646.0,212.0,0.24708624708624707,373.5
270.0,7.0,0.02527075812274368,374
646.0,212.0,0.24708624708624707,374.5
270.0,7.0,0.02527075812274368,375
645.0,213.0,0.24825174825174826,375.5
270.0,7.0,0.02527075812274368,376
645.0,213.0,0.24825174825174826,376.5
270.0,7.0,0.02527075812274368,377
645.0,213.0,0.24825174825174826,377.5
264.0,13.0,0.04693140794223827,378
645.0,213.0,0.24825174825174826,378.5
260.0,17.0,0.061371841155234655,379
645.0,213.0,0.24825174825174826,379.5
244.0,33.0,0.11913357400722022,380
645.0,213.0,0.24825174825174826,380.5
243.0,34.0,0.12274368231046931,381
645.0,213.0,0.24825174825174826,381.5
242.0,35.0,0.1263537906137184,382
645.0,213.0,0.24825174825174826,382.5
242.0,35.0,0.1263537906137184,383
633.0,225.0,0.26223776223776224,383.5
241.0,36.0,0.1299638989169675,384
633.0,225.0,0.26223776223776224,384.5
241.0,36.0,0.1299638989169675,385
633.0,225.0,0.26223776223776224,385.5
241.0,36.0,0.1299638989169675,386
632.0,226.0,0.2634032634032634,386.5
241.0,36.0,0.1299638989169675,387
630.0,228.0,0.26573426573426573,387.5
241.0,36.0,0.1299638989169675,388
576.0,282.0,0.32867132867132864,388.5
241.0,36.0,0.1299638989169675,389
519.0,266.0,0.33885350318471336,389.5
241.0,36.0,0.1299638989169675,390
499.0,213.0,0.2991573033707865,390.5
241.0,36.0,0.1299638989169675,391
499.0,213.0,0.2991573033707865,391.5
241.0,36.0,0.1299638989169675,392
499.0,213.0,0.2991573033707865,392.5
240.0,37.0,0.13357400722021662,393
499.0,213.0,0.2991573033707865,393.5
223.0,2.0,0.008888888888888889,394
499.0,213.0,0.2991573033707865,394.5
223.0,2.0,0.008888888888888889,395
427.0,212.0,0.3317683881064163,395.5
223.0,2.0,0.008888888888888889,396
427.0,212.0,0.3317683881064163,396.5
223.0,2.0,0.008888888888888889,397
427.0,212.0,0.3317683881064163,397.5
223.0,2.0,0.008888888888888889,398
427.0,212.0,0.3317683881064163,398.5
223.0,2.0,0.008888888888888889,399
427.0,212.0,0.3317683881064163,399.5
223.0,2.0,0.008888888888888889,400
426.0,213.0,0.3333333333333333,400.5
223.0,2.0,0.008888888888888889,401
426.0,213.0,0.3333333333333333,401.5
223.0,2.0,0.008888888888888889,402
426.0,213.0,0.3333333333333333,402.5
223.0,2.0,0.008888888888888889,403
426.0,213.0,0.3333333333333333,403.5
223.0,2.0,0.008888888888888889,404
426.0,213.0,0.3333333333333333,404.5
223.0,2.0,0.008888888888888889,405
426.0,213.0,0.3333333333333333,405.5
223.0,2.0,0.008888888888888889,406
426.0,213.0,0.3333333333333333,406.5
223.0,2.0,0.008888888888888889,407
426.0,213.0,0.3333333333333333,407.5
223.0,2.0,0.008888888888888889,408
426.0,213.0,0.3333333333333333,408.5
223.0,2.0,0.008888888888888889,409
426.0,213.0,0.3333333333333333,409.5
223.0,2.0,0.008888888888888889,410
426.0,213.0,0.3333333333333333,410.5
223.0,2.0,0.008888888888888889,411
426.0,213.0,0.3333333333333333,411.5
223.0,2.0,0.008888888888888889,412
353.0,213.0,0.3763250883392226,412.5
223.0,2.0,0.008888888888888889,413
353.0,213.0,0.3763250883392226,413.5
223.0,2.0,0.008888888888888889,414
353.0,213.0,0.3763250883392226,414.5
223.0,2.0,0.008888888888888889,415
353.0,213.0,0.3763250883392226,415.5
223.0,2.0,0.008888888888888889,416
353.0,213.0,0.3763250883392226,416.5
223.0,2.0,0.008888888888888889,417
352.0,214.0,0.37809187279151946,417.5
223.0,2.0,0.008888888888888889,418
352.0,214.0,0.37809187279151946,418.5
223.0,2.0,0.008888888888888889,419
352.0,214.0,0.37809187279151946,419.5
223.0,2.0,0.008888888888888889,420
352.0,214.0,0.37809187279151946,420.5
223.0,2.0,0.008888888888888889,421
352.0,214.0,0.37809187279151946,421.5
223.0,2.0,0.008888888888888889,422
352.0,214.0,0.37809187279151946,422.5
223.0,2.0,0.008888888888888889,423
352.0,214.0,0.37809187279151946,423.5
223.0,2.0,0.008888888888888889,424
345.0,221.0,0.39045936395759717,424.5
223.0,2.0,0.008888888888888889,425
338.0,228.0,0.4028268551236749,425.5
223.0,2.0,0.008888888888888889,426
312.0,254.0,0.44876325088339225,426.5
223.0,2.0,0.008888888888888889,427
300.0,266.0,0.46996466431095407,427.5
223.0,2.0,0.008888888888888889,428
299.0,267.0,0.4717314487632509,428.5
222.0,3.0,0.013333333333333334,429
294.0,272.0,0.48056537102473496,429.5
151.0,1.0,0.006578947368421052,430
288.0,278.0,0.4911660777385159,430.5
151.0,1.0,0.006578947368421052,431
286.0,280.0,0.49469964664310956,431.5
151.0,1.0,0.006578947368421052,432
286.0,280.0,0.49469964664310956,432.5
151.0,1.0,0.006578947368421052,433
281.0,142.0,0.33569739952718675,433.5
150.0,2.0,0.013157894736842105,434
280.0,143.0,0.3380614657210402,434.5
150.0,2.0,0.013157894736842105,435
208.0,215.0,0.508274231678487,435.5
150.0,2.0,0.013157894736842105,436
208.0,215.0,0.508274231678487,436.5
150.0,2.0,0.013157894736842105,437
207.0,143.0,0.4085714285714286,437.5
150.0,2.0,0.013157894736842105,438
206.0,144.0,0.4114285714285714,438.5
150.0,2.0,0.013157894736842105,439
205.0,145.0,0.4142857142857143,439.5
150.0,2.0,0.013157894736842105,440
205.0,145.0,0.4142857142857143,440.5
150.0,2.0,0.013157894736842105,441
205.0,72.0,0.259927797833935,441.5
150.0,2.0,0.013157894736842105,442
205.0,72.0,0.259927797833935,442.5
150.0,2.0,0.013157894736842105,443
205.0,72.0,0.259927797833935,443.5
150.0,2.0,0.013157894736842105,444
205.0,72.0,0.259927797833935,444.5
150.0,2.0,0.013157894736842105,445
205.0,72.0,0.259927797833935,445.5
150.0,2.0,0.013157894736842105,446
179.0,98.0,0.35379061371841153,446.5
150.0,2.0,0.013157894736842105,447
146.0,65.0,0.3080568720379147,447.5
150.0,2.0,0.013157894736842105,448
146.0,65.0,0.3080568720379147,448.5
150.0,2.0,0.013157894736842105,449
146.0,65.0,0.3080568720379147,449.5
150.0,2.0,0.013157894736842105,450
146.0,65.0,0.3080568720379147,450.5
150.0,2.0,0.013157894736842105,451
146.0,65.0,0.3080568720379147,451.5
150.0,2.0,0.013157894736842105,452
146.0,65.0,0.3080568720379147,452.5
150.0,2.0,0.013157894736842105,453
146.0,65.0,0.3080568720379147,453.5
150.0,2.0,0.013157894736842105,454
146.0,65.0,0.3080568720379147,454.5
150.0,2.0,0.013157894736842105,455
73.0,65.0,0.47101449275362317,455.5
150.0,2.0,0.013157894736842105,456
73.0,65.0,0.47101449275362317,456.5
150.0,2.0,0.013157894736842105,457
73.0,65.0,0.47101449275362317,457.5
150.0,2.0,0.013157894736842105,458
73.0,65.0,0.47101449275362317,458.5
150.0,2.0,0.013157894736842105,459
73.0,65.0,0.47101449275362317,459.5
78.0,1.0,0.012658227848101266,460
73.0,65.0,0.47101449275362317,460.5
78.0,1.0,0.012658227848101266,461
73.0,65.0,0.47101449275362317,461.5
77.0,2.0,0.02531645569620253,462
73.0,65.0,0.47101449275362317,462.5
69.0,10.0,0.12658227848101267,463
73.0,65.0,0.47101449275362317,463.5
48.0,31.0,0.3924050632911392,464
73.0,65.0,0.47101449275362317,464.5
42.0,37.0,0.46835443037974683,465
73.0,65.0,0.47101449275362317,465.5
10.0,69.0,0.8734177215189873,466
73.0,65.0,0.47101449275362317,466.5
6.0,0.0,0.0,467
73.0,65.0,0.47101449275362317,467.5
6.0,0.0,0.0,468
73.0,65.0,0.47101449275362317,468.5
6.0,0.0,0.0,469
73.0,65.0,0.47101449275362317,469.5
6.0,0.0,0.0,470
73.0,65.0,0.47101449275362317,470.5
6.0,0.0,0.0,471
73.0,65.0,0.47101449275362317,471.5
6.0,0.0,0.0,472
73.0,65.0,0.47101449275362317,472.5
6.0,0.0,0.0,473
73.0,65.0,0.47101449275362317,473.5
6.0,0.0,0.0,474
73.0,65.0,0.47101449275362317,474.5
6.0,0.0,0.0,475
73.0,65.0,0.47101449275362317,475.5
6.0,0.0,0.0,476
73.0,65.0,0.47101449275362317,476.5
6.0,0.0,0.0,477
73.0,65.0,0.47101449275362317,477.5
6.0,0.0,0.0,478
73.0,65.0,0.47101449275362317,478.5
6.0,0.0,0.0,479
73.0,65.0,0.47101449275362317,479.5
6.0,0.0,0.0,480
72.0,66.0,0.4782608695652174,480.5
6.0,0.0,0.0,481
72.0,66.0,0.4782608695652174,481.5
6.0,0.0,0.0,482
72.0,66.0,0.4782608695652174,482.5
6.0,0.0,0.0,483
72.0,66.0,0.4782608695652174,483.5
6.0,0.0,0.0,484
72.0,66.0,0.4782608695652174,484.5
6.0,0.0,0.0,485
72.0,66.0,0.4782608695652174,485.5
6.0,0.0,0.0,486
72.0,66.0,0.4782608695652174,486.5
6.0,0.0,0.0,487
72.0,66.0,0.4782608695652174,487.5
6.0,0.0,0.0,488
72.0,66.0,0.4782608695652174,488.5
6.0,0.0,0.0,489
72.0,66.0,0.4782608695652174,489.5
6.0,0.0,0.0,490
72.0,66.0,0.4782608695652174,490.5
6.0,0.0,0.0,491
72.0,66.0,0.4782608695652174,491.5
6.0,0.0,0.0,492
72.0,66.0,0.4782608695652174,492.5
6.0,0.0,0.0,493
72.0,66.0,0.4782608695652174,493.5
6.0,0.0,0.0,494
1.0,64.0,0.9846153846153847,494.5
6.0,0.0,0.0,495
1.0,64.0,0.9846153846153847,495.5
6.0,0.0,0.0,496
1.0,64.0,0.9846153846153847,496.5
1.0,64.0,0.9846153846153847,497.5
1.0,64.0,0.9846153846153847,498.5
1.0,64.0,0.9846153846153847,499.5
1.0,64.0,0.9846153846153847,500.5
1.0,64.0,0.9846153846153847,501.5
1.0,64.0,0.9846153846153847,502.5
1.0,64.0,0.9846153846153847,503.5
1.0,64.0,0.9846153846153847,504.5
1.0,64.0,0.9846153846153847,505.5
1.0,64.0,0.9846153846153847,506.5
1.0,64.0,0.9846153846153847,507.5
1.0,64.0,0.9846153846153847,508.5
1.0,64.0,0.9846153846153847,509.5
1.0,64.0,0.9846153846153847,510.5
1.0,64.0,0.9846153846153847,511.5
1.0,64.0,0.9846153846153847,512.5
1.0,64.0,0.9846153846153847,513.5
1.0,64.0,0.9846153846153847,514.5
1.0,64.0,0.9846153846153847,515.5
1.0,64.0,0.9846153846153847,516.5
1.0,64.0,0.9846153846153847,517.5
1.0,64.0,0.9846153846153847,518.5
1.0,64.0,0.9846153846153847,519.5
1.0,64.0,0.9846153846153847,520.5
1.0,64.0,0.9846153846153847,521.5
1.0,64.0,0.9846153846153847,522.5
1.0,64.0,0.9846153846153847,523.5
1.0,64.0,0.9846153846153847,524.5
1.0,64.0,0.9846153846153847,525.5
1.0,64.0,0.9846153846153847,526.5
1.0,64.0,0.9846153846153847,527.5
1.0,64.0,0.9846153846153847,528.5
1.0,64.0,0.9846153846153847,529.5
1.0,64.0,0.9846153846153847,530.5
1.0,64.0,0.9846153846153847,531.5
1.0,64.0,0.9846153846153847,532.5
1.0,64.0,0.9846153846153847,533.5
1.0,64.0,0.9846153846153847,534.5
1.0,64.0,0.9846153846153847,535.5
1.0,64.0,0.9846153846153847,536.5
1.0,64.0,0.9846153846153847,537.5
1.0,64.0,0.9846153846153847,538.5
1.0,64.0,0.9846153846153847,539.5
1.0,64.0,0.9846153846153847,540.5
1.0,64.0,0.9846153846153847,541.5
1.0,64.0,0.9846153846153847,542.5
1.0,64.0,0.9846153846153847,543.5
1.0,64.0,0.9846153846153847,544.5
1.0,64.0,0.9846153846153847,545.5
1.0,64.0,0.9846153846153847,546.5
1.0,64.0,0.9846153846153847,547.5
1.0,64.0,0.9846153846153847,548.5
1.0,64.0,0.9846153846153847,549.5
1.0,64.0,0.9846153846153847,550.5
1.0,64.0,0.9846153846153847,551.5
1.0,64.0,0.9846153846153847,552.5
1.0,64.0,0.9846153846153847,553.5
1.0,64.0,0.9846153846153847,554.5
1.0,64.0,0.9846153846153847,555.5
1.0,64.0,0.9846153846153847,556.5
1.0,64.0,0.9846153846153847,557.5
1.0,64.0,0.9846153846153847,558.5
1.0,64.0,0.9846153846153847,559.5
1.0,64.0,0.9846153846153847,560.5
1.0,64.0,0.9846153846153847,561.5
1.0,64.0,0.9846153846153847,562.5
1.0,64.0,0.9846153846153847,563.5
1.0,64.0,0.9846153846153847,564.5
1.0,64.0,0.9846153846153847,565.5
1.0,64.0,0.9846153846153847,566.5
1.0,64.0,0.9846153846153847,567.5
1.0,64.0,0.9846153846153847,568.5
1.0,64.0,0.9846153846153847,569.5
1.0,64.0,0.9846153846153847,570.5
1.0,64.0,0.9846153846153847,571.5
1.0,64.0,0.9846153846153847,572.5
1.0,64.0,0.9846153846153847,573.5
1.0,64.0,0.9846153846153847,574.5
1.0,64.0,0.9846153846153847,575.5
1.0,64.0,0.9846153846153847,576.5
1.0,64.0,0.9846153846153847,577.5
1.0,64.0,0.9846153846153847,578.5
1.0,64.0,0.9846153846153847,579.5
1.0,64.0,0.9846153846153847,580.5
1.0,64.0,0.9846153846153847,581.5
1.0,64.0,0.9846153846153847,582.5
1.0,64.0,0.9846153846153847,583.5
1.0,64.0,0.9846153846153847,584.5
1.0,64.0,0.9846153846153847,585.5
1.0,64.0,0.9846153846153847,586.5
1.0,64.0,0.9846153846153847,587.5
1.0,64.0,0.9846153846153847,588.5
1.0,64.0,0.9846153846153847,589.5
1.0,64.0,0.9846153846153847,590.5
1.0,64.0,0.9846153846153847,591.5
1.0,64.0,0.9846153846153847,592.5
1.0,64.0,0.9846153846153847,593.5
1.0,64.0,0.9846153846153847,594.5
1.0,64.0,0.9846153846153847,595.5
1.0,64.0,0.9846153846153847,596.5
1.0,64.0,0.9846153846153847,597.5
1.0,64.0,0.9846153846153847,598.5
