substitutions,bp,freq,distance_from_center
14.0,58.0,0.2413793103448276,-598.5
2.0,65.0,0.03076923076923077,-591.5
22.0,65.0,0.3384615384615385,-581.5
4.0,65.0,0.06153846153846154,-580.5
24.0,65.0,0.36923076923076925,-579.5
11.0,65.0,0.16923076923076924,-578.5
7.0,65.0,0.1076923076923077,-575.5
2.0,65.0,0.03076923076923077,-573.5
2.0,65.0,0.03076923076923077,-571.5
4.0,65.0,0.06153846153846154,-570.5
1.0,65.0,0.015384615384615385,-569.5
1.0,65.0,0.015384615384615385,-568.5
1.0,65.0,0.015384615384615385,-566.5
1.0,65.0,0.015384615384615385,-564.5
1.0,65.0,0.015384615384615385,-563.5
1.0,65.0,0.015384615384615385,-562.5
10.0,65.0,0.15384615384615385,-561.5
32.0,65.0,0.49230769230769234,-560.5
4.0,65.0,0.06153846153846154,-554.5
2.0,65.0,0.03076923076923077,-553.5
1.0,65.0,0.015384615384615385,-552.5
1.0,65.0,0.015384615384615385,-550.5
2.0,65.0,0.03076923076923077,-547.5
2.0,65.0,0.03076923076923077,-530.5
1.0,65.0,0.015384615384615385,-525.5
22.0,65.0,0.3384615384615385,-522.5
22.0,65.0,0.3384615384615385,-520.5
3.0,136.0,0.022058823529411766,-488.5
2.0,6.0,0.3333333333333333,-487
1.0,137.0,0.0072992700729927005,-486.5
2.0,61.0,0.03278688524590164,-467
13.0,61.0,0.21311475409836064,-466
5.0,61.0,0.08196721311475409,-465
12.0,61.0,0.19672131147540983,-464
2.0,61.0,0.03278688524590164,-462
2.0,61.0,0.03278688524590164,-461
4.0,138.0,0.028985507246376812,-460
2.0,138.0,0.014492753623188406,-459
5.0,138.0,0.036231884057971016,-458
1.0,138.0,0.007246376811594203,-457
2.0,138.0,0.014492753623188406,-456
2.0,167.0,0.011976047904191617,-451.5
22.0,188.0,0.11702127659574468,-449.5
1.0,188.0,0.005319148936170213,-448.5
2.0,234.0,0.008547008547008548,-447.5
6.0,139.0,0.04316546762589928,-447
2.0,272.0,0.007352941176470588,-446.5
1.0,272.0,0.003676470588235294,-445.5
1.0,139.0,0.007194244604316547,-444
18.0,139.0,0.12949640287769784,-443
30.0,139.0,0.2158273381294964,-442
28.0,139.0,0.2014388489208633,-441
4.0,343.0,0.011661807580174927,-440.5
1.0,139.0,0.007194244604316547,-439
3.0,343.0,0.008746355685131196,-438.5
2.0,139.0,0.014388489208633094,-438
30.0,405.0,0.07407407407407407,-437.5
3.0,139.0,0.02158273381294964,-437
1.0,139.0,0.007194244604316547,-436
33.0,418.0,0.07894736842105263,-435.5
2.0,139.0,0.014388489208633094,-435
20.0,418.0,0.04784688995215311,-434.5
4.0,501.0,0.007984031936127744,-433.5
10.0,139.0,0.07194244604316546,-433
14.0,502.0,0.027888446215139442,-432.5
6.0,139.0,0.04316546762589928,-432
7.0,533.0,0.013133208255159476,-431.5
5.0,545.0,0.009174311926605505,-430.5
5.0,205.0,0.024390243902439025,-430
45.0,546.0,0.08241758241758242,-429.5
35.0,546.0,0.0641025641025641,-428.5
8.0,209.0,0.03827751196172249,-428
34.0,546.0,0.06227106227106227,-427.5
9.0,210.0,0.04285714285714286,-427
12.0,546.0,0.02197802197802198,-426.5
5.0,546.0,0.009157509157509158,-425.5
1.0,216.0,0.004629629629629629,-425
43.0,547.0,0.07861060329067641,-424.5
4.0,218.0,0.01834862385321101,-424
31.0,547.0,0.056672760511883,-423.5
5.0,219.0,0.0228310502283105,-423
3.0,547.0,0.005484460694698354,-422.5
10.0,219.0,0.045662100456621,-422
10.0,547.0,0.018281535648994516,-421.5
5.0,547.0,0.009140767824497258,-420.5
5.0,547.0,0.009140767824497258,-419.5
21.0,548.0,0.03832116788321168,-418.5
41.0,553.0,0.07414104882459313,-417.5
20.0,556.0,0.03597122302158273,-416.5
39.0,556.0,0.07014388489208633,-415.5
21.0,556.0,0.03776978417266187,-414.5
1.0,556.0,0.0017985611510791368,-413.5
7.0,632.0,0.011075949367088608,-412.5
4.0,221.0,0.01809954751131222,-412
35.0,632.0,0.055379746835443035,-411.5
2.0,223.0,0.008968609865470852,-411
13.0,632.0,0.020569620253164556,-410.5
3.0,224.0,0.013392857142857142,-410
3.0,632.0,0.004746835443037975,-409.5
10.0,224.0,0.044642857142857144,-409
26.0,635.0,0.04094488188976378,-408.5
39.0,635.0,0.06141732283464567,-407.5
10.0,224.0,0.044642857142857144,-407
28.0,635.0,0.04409448818897638,-406.5
32.0,224.0,0.14285714285714285,-406
11.0,635.0,0.01732283464566929,-405.5
10.0,224.0,0.044642857142857144,-405
4.0,224.0,0.017857142857142856,-404
13.0,635.0,0.02047244094488189,-403.5
2.0,224.0,0.008928571428571428,-403
1.0,635.0,0.0015748031496062992,-402.5
2.0,224.0,0.008928571428571428,-402
1.0,635.0,0.0015748031496062992,-401.5
9.0,224.0,0.04017857142857143,-401
33.0,635.0,0.05196850393700787,-400.5
19.0,224.0,0.08482142857142858,-400
27.0,635.0,0.04251968503937008,-399.5
1.0,635.0,0.0015748031496062992,-398.5
19.0,635.0,0.029921259842519685,-397.5
3.0,635.0,0.004724409448818898,-396.5
1.0,224.0,0.004464285714285714,-396
1.0,643.0,0.0015552099533437014,-395.5
26.0,643.0,0.04043545878693624,-394.5
9.0,643.0,0.013996889580093312,-393.5
4.0,643.0,0.006220839813374806,-392.5
1.0,229.0,0.004366812227074236,-392
34.0,715.0,0.04755244755244755,-390.5
1.0,229.0,0.004366812227074236,-390
5.0,717.0,0.00697350069735007,-389.5
19.0,229.0,0.08296943231441048,-389
6.0,717.0,0.008368200836820083,-388.5
44.0,776.0,0.05670103092783505,-387.5
7.0,777.0,0.009009009009009009,-386.5
8.0,777.0,0.010296010296010296,-385.5
7.0,229.0,0.03056768558951965,-385
50.0,778.0,0.06426735218508997,-384.5
20.0,229.0,0.08733624454148471,-384
4.0,779.0,0.005134788189987163,-383.5
44.0,786.0,0.05597964376590331,-382.5
1.0,786.0,0.001272264631043257,-381.5
3.0,786.0,0.003816793893129771,-380.5
2.0,229.0,0.008733624454148471,-380
26.0,788.0,0.03299492385786802,-379.5
1.0,789.0,0.0012674271229404308,-378.5
3.0,229.0,0.013100436681222707,-378
39.0,789.0,0.049429657794676805,-377.5
3.0,789.0,0.0038022813688212928,-376.5
1.0,789.0,0.0012674271229404308,-374.5
1.0,229.0,0.004366812227074236,-374
5.0,789.0,0.0063371356147021544,-373.5
26.0,789.0,0.032953105196451206,-371.5
4.0,789.0,0.005069708491761723,-370.5
8.0,789.0,0.010139416983523447,-369.5
10.0,303.0,0.033003300330033,-369
5.0,789.0,0.0063371356147021544,-368.5
4.0,303.0,0.013201320132013201,-368
11.0,818.0,0.013447432762836185,-367.5
19.0,310.0,0.06129032258064516,-367
59.0,849.0,0.06949352179034157,-366.5
44.0,849.0,0.05182567726737338,-365.5
25.0,849.0,0.02944640753828033,-364.5
46.0,849.0,0.05418138987043581,-363.5
25.0,852.0,0.029342723004694836,-362.5
37.0,852.0,0.04342723004694836,-361.5
2.0,310.0,0.0064516129032258064,-361
6.0,852.0,0.007042253521126761,-360.5
4.0,852.0,0.004694835680751174,-359.5
31.0,852.0,0.036384976525821594,-358.5
49.0,852.0,0.057511737089201875,-357.5
23.0,852.0,0.02699530516431925,-356.5
3.0,852.0,0.0035211267605633804,-355.5
1.0,310.0,0.0032258064516129032,-355
13.0,852.0,0.015258215962441314,-354.5
9.0,882.0,0.01020408163265306,-353.5
1.0,894.0,0.0011185682326621924,-352.5
3.0,894.0,0.003355704697986577,-351.5
1.0,314.0,0.0031847133757961785,-351
5.0,894.0,0.005592841163310962,-350.5
16.0,894.0,0.017897091722595078,-349.5
2.0,340.0,0.0058823529411764705,-349
35.0,894.0,0.039149888143176735,-348.5
4.0,346.0,0.011560693641618497,-348
24.0,894.0,0.026845637583892617,-347.5
2.0,365.0,0.005479452054794521,-347
31.0,899.0,0.034482758620689655,-346.5
1.0,371.0,0.0026954177897574125,-346
31.0,899.0,0.034482758620689655,-345.5
7.0,445.0,0.015730337078651686,-345
8.0,899.0,0.008898776418242492,-344.5
17.0,445.0,0.038202247191011236,-344
23.0,906.0,0.025386313465783666,-343.5
5.0,453.0,0.011037527593818985,-343
19.0,927.0,0.020496224379719527,-342.5
8.0,453.0,0.017660044150110375,-342
4.0,929.0,0.004305705059203444,-341.5
19.0,929.0,0.02045209903121636,-340.5
1.0,453.0,0.002207505518763797,-340
42.0,929.0,0.04520990312163617,-339.5
7.0,476.0,0.014705882352941176,-339
42.0,938.0,0.04477611940298507,-338.5
16.0,477.0,0.033542976939203356,-338
33.0,938.0,0.035181236673773986,-337.5
6.0,477.0,0.012578616352201259,-337
34.0,939.0,0.0362087326943557,-336.5
1.0,478.0,0.0020920502092050207,-336
4.0,939.0,0.004259850905218318,-335.5
24.0,543.0,0.04419889502762431,-335
2.0,939.0,0.002129925452609159,-334.5
2.0,543.0,0.003683241252302026,-334
11.0,939.0,0.011714589989350373,-333.5
2.0,543.0,0.003683241252302026,-333
5.0,939.0,0.005324813631522897,-332.5
18.0,543.0,0.03314917127071823,-332
32.0,940.0,0.03404255319148936,-331.5
20.0,543.0,0.03683241252302026,-331
43.0,940.0,0.045744680851063826,-330.5
7.0,543.0,0.01289134438305709,-330
23.0,1000.0,0.023,-329.5
7.0,544.0,0.012867647058823529,-329
32.0,1000.0,0.032,-328.5
5.0,544.0,0.009191176470588236,-328
12.0,1001.0,0.011988011988011988,-327.5
3.0,544.0,0.0055147058823529415,-327
8.0,1003.0,0.007976071784646061,-326.5
1.0,604.0,0.0016556291390728477,-326
78.0,1015.0,0.07684729064039408,-325.5
1.0,605.0,0.001652892561983471,-325
15.0,1015.0,0.014778325123152709,-324.5
4.0,605.0,0.006611570247933884,-324
5.0,1015.0,0.0049261083743842365,-323.5
16.0,605.0,0.026446280991735537,-323
9.0,1015.0,0.008866995073891626,-322.5
10.0,605.0,0.01652892561983471,-322
30.0,1017.0,0.029498525073746312,-321.5
4.0,605.0,0.006611570247933884,-321
5.0,1017.0,0.004916420845624385,-320.5
26.0,605.0,0.04297520661157025,-320
25.0,1017.0,0.024582104228121928,-319.5
37.0,605.0,0.06115702479338843,-319
5.0,1017.0,0.004916420845624385,-318.5
21.0,605.0,0.03471074380165289,-318
13.0,1017.0,0.012782694198623401,-317.5
2.0,605.0,0.003305785123966942,-317
23.0,1017.0,0.02261553588987217,-316.5
26.0,605.0,0.04297520661157025,-316
35.0,1017.0,0.0344149459193707,-315.5
3.0,605.0,0.0049586776859504135,-315
27.0,1017.0,0.02654867256637168,-314.5
8.0,605.0,0.013223140495867768,-314
42.0,1017.0,0.04129793510324484,-313.5
27.0,606.0,0.04455445544554455,-313
8.0,1017.0,0.007866273352999017,-312.5
12.0,614.0,0.019543973941368076,-312
7.0,1018.0,0.0068762278978389,-311.5
30.0,616.0,0.048701298701298704,-311
31.0,1052.0,0.029467680608365018,-310.5
20.0,616.0,0.032467532467532464,-310
39.0,1075.0,0.03627906976744186,-309.5
3.0,616.0,0.00487012987012987,-309
29.0,1078.0,0.026901669758812616,-308.5
2.0,616.0,0.003246753246753247,-308
16.0,1078.0,0.014842300556586271,-307.5
3.0,616.0,0.00487012987012987,-307
19.0,1079.0,0.017608897126969416,-306.5
2.0,616.0,0.003246753246753247,-306
13.0,1079.0,0.012048192771084338,-305.5
2.0,621.0,0.00322061191626409,-305
44.0,1084.0,0.04059040590405904,-304.5
1.0,637.0,0.0015698587127158557,-304
16.0,1115.0,0.014349775784753363,-303.5
43.0,1148.0,0.037456445993031356,-302.5
23.0,638.0,0.03605015673981191,-302
11.0,1148.0,0.009581881533101045,-301.5
15.0,638.0,0.023510971786833857,-301
9.0,1148.0,0.0078397212543554,-300.5
2.0,638.0,0.003134796238244514,-300
4.0,1207.0,0.0033140016570008283,-299.5
23.0,638.0,0.03605015673981191,-299
17.0,1208.0,0.014072847682119206,-298.5
4.0,670.0,0.005970149253731343,-298
5.0,1208.0,0.0041390728476821195,-297.5
9.0,675.0,0.013333333333333334,-297
15.0,1218.0,0.012315270935960592,-296.5
21.0,687.0,0.03056768558951965,-296
10.0,1218.0,0.008210180623973728,-295.5
20.0,692.0,0.028901734104046242,-295
34.0,1221.0,0.027846027846027847,-294.5
31.0,697.0,0.04447632711621234,-294
4.0,1223.0,0.003270645952575634,-293.5
7.0,708.0,0.009887005649717515,-293
1.0,724.0,0.0013812154696132596,-292
42.0,1228.0,0.03420195439739414,-291.5
1.0,726.0,0.0013774104683195593,-291
10.0,1232.0,0.008116883116883116,-290.5
3.0,728.0,0.004120879120879121,-290
19.0,1233.0,0.015409570154095702,-289.5
7.0,728.0,0.009615384615384616,-289
13.0,1234.0,0.01053484602917342,-288.5
14.0,752.0,0.018617021276595744,-288
1.0,1234.0,0.0008103727714748784,-287.5
5.0,777.0,0.006435006435006435,-287
18.0,1234.0,0.014586709886547812,-286.5
2.0,777.0,0.002574002574002574,-286
26.0,1238.0,0.0210016155088853,-285.5
29.0,864.0,0.03356481481481482,-285
20.0,1244.0,0.01607717041800643,-284.5
5.0,866.0,0.005773672055427252,-284
28.0,1276.0,0.0219435736677116,-283.5
24.0,937.0,0.025613660618996798,-283
24.0,1286.0,0.01866251944012442,-282.5
2.0,937.0,0.0021344717182497333,-282
58.0,1288.0,0.04503105590062112,-281.5
26.0,1006.0,0.02584493041749503,-281
24.0,1290.0,0.018604651162790697,-280.5
17.0,1054.0,0.016129032258064516,-280
19.0,1359.0,0.013980868285504048,-279.5
17.0,1054.0,0.016129032258064516,-279
7.0,1361.0,0.005143277002204262,-278.5
16.0,1054.0,0.015180265654648957,-278
10.0,1361.0,0.0073475385745775165,-277.5
22.0,1054.0,0.020872865275142316,-277
36.0,1361.0,0.02645113886847906,-276.5
10.0,1054.0,0.009487666034155597,-276
37.0,1362.0,0.027165932452276064,-275.5
3.0,1054.0,0.0028462998102466793,-275
23.0,1362.0,0.016886930983847283,-274.5
31.0,1054.0,0.029411764705882353,-274
7.0,1362.0,0.005139500734214391,-273.5
6.0,1054.0,0.0056925996204933585,-273
1.0,1362.0,0.0007342143906020558,-272.5
5.0,1054.0,0.004743833017077799,-272
14.0,1362.0,0.010279001468428781,-271.5
38.0,1054.0,0.036053130929791274,-271
6.0,1362.0,0.004405286343612335,-270.5
12.0,1055.0,0.011374407582938388,-270
9.0,1366.0,0.006588579795021962,-269.5
11.0,1055.0,0.01042654028436019,-269
43.0,1366.0,0.0314787701317716,-268.5
46.0,1055.0,0.043601895734597156,-268
9.0,1374.0,0.006550218340611353,-267.5
15.0,1055.0,0.014218009478672985,-267
9.0,1374.0,0.006550218340611353,-266.5
34.0,1055.0,0.03222748815165877,-266
33.0,1376.0,0.023982558139534885,-265.5
3.0,1056.0,0.002840909090909091,-265
26.0,1382.0,0.01881331403762663,-264.5
19.0,1056.0,0.017992424242424244,-264
1.0,1382.0,0.000723589001447178,-263.5
48.0,1058.0,0.045368620037807186,-263
34.0,1423.0,0.023893183415319746,-262.5
4.0,1061.0,0.003770028275212064,-262
31.0,1470.0,0.02108843537414966,-261.5
8.0,1062.0,0.007532956685499058,-261
74.0,1470.0,0.050340136054421766,-260.5
12.0,1068.0,0.011235955056179775,-260
55.0,1470.0,0.03741496598639456,-259.5
3.0,1068.0,0.0028089887640449437,-259
45.0,1471.0,0.030591434398368457,-258.5
1.0,1069.0,0.0009354536950420954,-258
15.0,1472.0,0.010190217391304348,-257.5
12.0,1078.0,0.011131725417439703,-257
22.0,1472.0,0.014945652173913044,-256.5
13.0,1119.0,0.01161751563896336,-256
40.0,1491.0,0.02682763246143528,-255.5
3.0,1135.0,0.0026431718061674008,-255
23.0,1491.0,0.015425888665325285,-254.5
39.0,1187.0,0.03285593934288121,-254
46.0,1566.0,0.02937420178799489,-253.5
33.0,1201.0,0.027477102414654453,-253
100.0,1568.0,0.06377551020408163,-252.5
46.0,1348.0,0.03412462908011869,-252
35.0,1684.0,0.020783847980997625,-251.5
25.0,1382.0,0.01808972503617945,-251
93.0,1948.0,0.047741273100616016,-250.5
112.0,2456.0,0.04560260586319218,-250
92.0,2093.0,0.04395604395604396,-249.5
73.0,2467.0,0.02959059586542359,-249
67.0,2098.0,0.03193517635843661,-248.5
117.0,2468.0,0.04740680713128039,-248
100.0,2102.0,0.047573739295908656,-247.5
72.0,2470.0,0.029149797570850202,-247
50.0,2109.0,0.02370791844476055,-246.5
113.0,2534.0,0.04459352801894238,-246
59.0,2118.0,0.02785646836638338,-245.5
85.0,2562.0,0.03317720530835285,-245
62.0,2128.0,0.02913533834586466,-244.5
148.0,2577.0,0.05743112145906092,-244
13.0,2132.0,0.006097560975609756,-243.5
76.0,2577.0,0.029491656965463717,-243
60.0,2145.0,0.027972027972027972,-242.5
195.0,2596.0,0.075115562403698,-242
54.0,2146.0,0.02516309412861137,-241.5
92.0,2600.0,0.03538461538461538,-241
21.0,2156.0,0.00974025974025974,-240.5
90.0,2632.0,0.03419452887537994,-240
38.0,2185.0,0.017391304347826087,-239.5
99.0,2636.0,0.03755690440060698,-239
109.0,2186.0,0.049862763037511436,-238.5
83.0,2639.0,0.03145130731337628,-238
75.0,2221.0,0.03376857271499325,-237.5
70.0,2641.0,0.026505111700113593,-237
24.0,2254.0,0.01064773735581189,-236.5
68.0,2641.0,0.025747822794396063,-236
24.0,2259.0,0.010624169986719787,-235.5
55.0,2641.0,0.020825444907232107,-235
88.0,2259.0,0.038955289951305885,-234.5
36.0,2641.0,0.013631200302915562,-234
41.0,2260.0,0.018141592920353982,-233.5
26.0,2641.0,0.009844755774327906,-233
50.0,2293.0,0.021805494984736152,-232.5
7.0,2644.0,0.00264750378214826,-232
62.0,2293.0,0.02703881378107283,-231.5
51.0,2652.0,0.019230769230769232,-231
54.0,2320.0,0.02327586206896552,-230.5
38.0,2720.0,0.013970588235294118,-230
53.0,2378.0,0.022287636669470142,-229.5
68.0,2721.0,0.024990812201396546,-229
104.0,2383.0,0.043642467477968946,-228.5
75.0,2721.0,0.027563395810363836,-228
61.0,2450.0,0.02489795918367347,-227.5
16.0,2723.0,0.0058758721997796545,-227
64.0,2459.0,0.026026840178934526,-226.5
75.0,2723.0,0.027543150936467132,-226
88.0,2464.0,0.03571428571428571,-225.5
89.0,2723.0,0.03268453911127433,-225
96.0,2538.0,0.037825059101654845,-224.5
25.0,2725.0,0.009174311926605505,-224
80.0,2610.0,0.03065134099616858,-223.5
62.0,2732.0,0.022693997071742314,-223
48.0,2625.0,0.018285714285714287,-222.5
76.0,2776.0,0.027377521613832854,-222
43.0,2789.0,0.01541771244173539,-221.5
63.0,3149.0,0.020006351222610352,-221
60.0,3386.0,0.01772002362669817,-220.5
75.0,4417.0,0.01697985057731492,-220
96.0,3557.0,0.02698903570424515,-219.5
22.0,4481.0,0.00490961838875251,-219
101.0,3576.0,0.028243847874720358,-218.5
72.0,4605.0,0.015635179153094463,-218
53.0,3663.0,0.014469014469014468,-217.5
66.0,4637.0,0.014233340521889152,-217
79.0,3674.0,0.02150244964616222,-216.5
83.0,4654.0,0.017834121186076492,-216
111.0,3678.0,0.030179445350734094,-215.5
21.0,4667.0,0.004499678594386115,-215
102.0,3683.0,0.027694814010317675,-214.5
37.0,4687.0,0.007894175378707062,-214
99.0,3686.0,0.02685838307107976,-213.5
49.0,4690.0,0.010447761194029851,-213
72.0,3697.0,0.01947525020286719,-212.5
48.0,4692.0,0.010230179028132993,-212
103.0,3706.0,0.027792768483540203,-211.5
78.0,4704.0,0.016581632653061226,-211
38.0,3714.0,0.010231556273559504,-210.5
85.0,4715.0,0.018027571580063628,-210
39.0,3744.0,0.010416666666666666,-209.5
47.0,4772.0,0.009849119865884326,-209
79.0,3744.0,0.021100427350427352,-208.5
109.0,4907.0,0.02221316486651722,-208
54.0,3818.0,0.014143530644316397,-207.5
86.0,4909.0,0.017518842941535953,-207
79.0,3821.0,0.020675215912064903,-206.5
100.0,4924.0,0.020308692120227456,-206
87.0,3824.0,0.022751046025104603,-205.5
61.0,4929.0,0.012375735443294785,-205
53.0,3825.0,0.013856209150326797,-204.5
85.0,4941.0,0.01720299534507185,-204
81.0,3844.0,0.021071800208116546,-203.5
85.0,4948.0,0.017178658043654,-203
107.0,3844.0,0.027835587929240374,-202.5
66.0,4952.0,0.01332794830371567,-202
62.0,3896.0,0.01591375770020534,-201.5
85.0,4954.0,0.017157852240613645,-201
81.0,3918.0,0.020673813169984685,-200.5
126.0,5148.0,0.024475524475524476,-200
69.0,4009.0,0.017211274632077826,-199.5
71.0,5214.0,0.013617184503260453,-199
106.0,4044.0,0.026211671612265085,-198.5
90.0,5361.0,0.016787912702853944,-198
26.0,4057.0,0.006408676361843727,-197.5
116.0,5451.0,0.021280498991010824,-197
29.0,4086.0,0.007097405775819873,-196.5
111.0,5481.0,0.020251778872468526,-196
27.0,4196.0,0.006434699714013346,-195.5
76.0,5655.0,0.013439434129089302,-195
32.0,4460.0,0.007174887892376682,-194.5
95.0,5789.0,0.01641043358092935,-194
113.0,4578.0,0.024683267802533857,-193.5
122.0,6115.0,0.019950940310711367,-193
61.0,4837.0,0.012611122596650816,-192.5
189.0,6573.0,0.02875399361022364,-192
82.0,5143.0,0.015944001555512347,-191.5
138.0,6967.0,0.019807664705038038,-191
162.0,6411.0,0.02526906878802059,-190.5
368.0,12548.0,0.029327382849856552,-190
177.0,6941.0,0.0255006483215675,-189.5
401.0,12964.0,0.030931811169392164,-189
154.0,7124.0,0.021617069062324537,-188.5
342.0,13311.0,0.025693035835023664,-188
174.0,7311.0,0.02379975379565039,-187.5
348.0,13514.0,0.02575107296137339,-187
190.0,7468.0,0.02544188537761114,-186.5
403.0,13719.0,0.02937531890079452,-186
181.0,7522.0,0.024062749268811485,-185.5
260.0,14099.0,0.01844102418611249,-185
185.0,7677.0,0.02409795493031132,-184.5
241.0,14294.0,0.01686022107177837,-184
139.0,7739.0,0.017960976870396692,-183.5
300.0,14364.0,0.020885547201336674,-183
233.0,8073.0,0.02886163755728973,-182.5
214.0,14441.0,0.01481891835745447,-182
211.0,8332.0,0.02532405184829573,-181.5
240.0,14568.0,0.016474464579901153,-181
259.0,8669.0,0.029876571692236707,-180.5
307.0,14895.0,0.020610943269553542,-180
226.0,9048.0,0.02497789566755084,-179.5
419.0,15373.0,0.027255577961360827,-179
201.0,9368.0,0.02145602049530316,-178.5
338.0,15859.0,0.021312819219370706,-178
331.0,9976.0,0.03317963111467522,-177.5
333.0,16203.0,0.020551749675985928,-177
228.0,10416.0,0.021889400921658985,-176.5
356.0,17028.0,0.020906741836974396,-176
302.0,11044.0,0.027345164795364,-175.5
377.0,18082.0,0.02084946355491649,-175
373.0,11521.0,0.03237566183491016,-174.5
561.0,19037.0,0.02946892892787729,-174
303.0,12436.0,0.024364747507237054,-173.5
508.0,19907.0,0.02551866177726428,-173
449.0,13975.0,0.032128801431127015,-172.5
523.0,20926.0,0.02499283188378094,-172
413.0,14901.0,0.027716260653647407,-171.5
526.0,22069.0,0.023834337758847253,-171
565.0,16347.0,0.0345629167431333,-170.5
671.0,23195.0,0.02892864841560681,-170
496.0,17664.0,0.028079710144927536,-169.5
698.0,24899.0,0.02803325434756416,-169
753.0,19746.0,0.03813430568216348,-168.5
852.0,26761.0,0.03183737528492956,-168
798.0,22104.0,0.03610206297502715,-167.5
964.0,29496.0,0.03268239761323569,-167
966.0,26013.0,0.03713527851458886,-166.5
1182.0,33017.0,0.03579973952812188,-166
1299.0,30125.0,0.043120331950207466,-165.5
1387.0,37640.0,0.03684909670563231,-165
1407.0,35288.0,0.039871911131262754,-164.5
1469.0,42476.0,0.034584235803748,-164
1770.0,41305.0,0.042851954969132064,-163.5
1567.0,50645.0,0.03094086286899003,-163
2259.0,49326.0,0.04579734825447026,-162.5
2389.0,61097.0,0.03910175622370984,-162
2760.0,62072.0,0.04446449284701637,-161.5
2849.0,80264.0,0.035495365294528056,-161
3941.0,94285.0,0.041798801506072014,-160.5
5562.0,183246.0,0.030352640712484856,-160
4506.0,110102.0,0.04092568709015277,-159.5
6817.0,192481.0,0.035416482665821564,-159
4338.0,115494.0,0.037560392747675204,-158.5
6202.0,196436.0,0.031572624162577126,-158
4285.0,118108.0,0.03628035357469435,-157.5
6395.0,198905.0,0.032151026872124885,-157
4747.0,120064.0,0.039537246801705755,-156.5
5819.0,200874.0,0.02896840805679182,-156
4575.0,121737.0,0.03758101481061633,-155.5
5595.0,202097.0,0.027684725651543566,-155
4724.0,122978.0,0.03841337474995528,-154.5
5657.0,203116.0,0.027851080170936803,-154
4138.0,123873.0,0.03340518111291403,-153.5
5908.0,204000.0,0.02896078431372549,-153
4895.0,124487.0,0.039321374922682686,-152.5
5227.0,204662.0,0.02553967028564169,-152
4790.0,125075.0,0.03829702178692784,-151.5
4932.0,205208.0,0.02403415071537172,-151
4338.0,125441.0,0.0345819947226186,-150.5
5134.0,205692.0,0.024959648406355135,-150
3940.0,125813.0,0.03131631866341316,-149.5
4663.0,206108.0,0.022624061171812836,-149
4163.0,126097.0,0.033014266794610496,-148.5
5367.0,206536.0,0.02598578456056087,-148
4208.0,126436.0,0.033281660286627227,-147.5
5098.0,206915.0,0.024638136432834738,-147
3607.0,126752.0,0.028457144660439283,-146.5
5118.0,207216.0,0.02469886495251332,-146
3925.0,127024.0,0.03089967250283411,-145.5
5123.0,207638.0,0.024672747762933565,-145
3722.0,127193.0,0.029262616653432185,-144.5
4626.0,207920.0,0.02224894190073105,-144
3623.0,127337.0,0.028452060280986673,-143.5
4479.0,208234.0,0.021509455708481805,-143
3678.0,127500.0,0.028847058823529413,-142.5
4665.0,208515.0,0.022372491187684338,-142
3729.0,127615.0,0.029220702895427653,-141.5
4146.0,208774.0,0.019858794677498157,-141
3556.0,127788.0,0.027827339030268884,-140.5
4568.0,209053.0,0.021850918188210645,-140
3954.0,127920.0,0.030909943714821763,-139.5
4620.0,209259.0,0.02207790345934942,-139
3499.0,128094.0,0.027315877402532517,-138.5
4135.0,209445.0,0.0197426532025114,-138
3584.0,128228.0,0.027950213681879152,-137.5
4566.0,209648.0,0.021779363504540943,-137
3372.0,128339.0,0.02627416451741092,-136.5
3961.0,209779.0,0.01888177558287531,-136
3457.0,128440.0,0.026915291186546248,-135.5
4490.0,209979.0,0.021383090690021384,-135
3689.0,128558.0,0.028695219278457973,-134.5
4059.0,210095.0,0.01931983150479545,-134
3284.0,128653.0,0.025526027375964804,-133.5
4356.0,210231.0,0.020720065071278736,-133
3370.0,128697.0,0.026185536570394026,-132.5
4207.0,210299.0,0.02000485023704345,-132
3820.0,128750.0,0.02966990291262136,-131.5
3757.0,210428.0,0.017854087859030168,-131
3238.0,128824.0,0.025135067999751598,-130.5
4115.0,210548.0,0.01954423694359481,-130
3658.0,128881.0,0.028382771704130165,-129.5
3935.0,210622.0,0.018682758686177133,-129
3114.0,128946.0,0.02414964403703876,-128.5
3887.0,210721.0,0.01844619188405522,-128
3357.0,129001.0,0.026023054084852056,-127.5
3617.0,210807.0,0.01715787426413734,-127
3213.0,129046.0,0.024898098352525457,-126.5
3549.0,210865.0,0.016830673653759513,-126
3193.0,129136.0,0.02472587040019824,-125.5
3728.0,210930.0,0.01767410989427772,-125
3247.0,129191.0,0.025133329721110605,-124.5
3686.0,210971.0,0.017471595622147118,-124
3086.0,129214.0,0.023882860990295168,-123.5
4061.0,211016.0,0.019244986162186752,-123
2999.0,129262.0,0.023200940725039067,-122.5
3943.0,211077.0,0.0186803867782847,-122
2839.0,129237.0,0.021967393238778367,-121.5
3559.0,211119.0,0.0168577911035956,-121
2983.0,129287.0,0.02307269872454307,-120.5
3563.0,211154.0,0.01687394034685585,-120
3040.0,129327.0,0.02350630572115645,-119.5
3094.0,211201.0,0.014649551848712838,-119
2932.0,129377.0,0.02266245159495119,-118.5
3683.0,211244.0,0.017434814716631004,-118
2550.0,129414.0,0.019704205109184476,-117.5
3914.0,211293.0,0.018524040077049404,-117
2785.0,129434.0,0.021516757575289338,-116.5
3679.0,211335.0,0.017408380060094163,-116
2874.0,129455.0,0.022200764744505812,-115.5
3464.0,211377.0,0.016387781073626744,-115
2502.0,129477.0,0.019323895363655322,-114.5
3004.0,211445.0,0.014207004185485587,-114
2581.0,129499.0,0.019930655835180194,-113.5
3369.0,211473.0,0.01593111177313416,-113
2747.0,129519.0,0.021209243431465654,-112.5
2910.0,211493.0,0.013759320639453789,-112
2861.0,129544.0,0.022085160254430927,-111.5
3145.0,211516.0,0.014868851528962349,-111
2724.0,129489.0,0.021036535921970207,-110.5
3439.0,211540.0,0.016256972676562353,-110
2285.0,129511.0,0.01764328898703585,-109.5
3515.0,211563.0,0.016614436361745675,-109
2467.0,129537.0,0.019044751692566603,-108.5
3101.0,211592.0,0.014655563537373814,-108
2632.0,129561.0,0.02031475521183072,-107.5
3022.0,211641.0,0.014278896811109379,-107
2246.0,129583.0,0.017332520469506032,-106.5
2929.0,211660.0,0.013838231125389776,-106
2743.0,129610.0,0.02116349047141424,-105.5
3346.0,211678.0,0.015807027655212164,-105
2582.0,129634.0,0.019917614206149622,-104.5
3122.0,211702.0,0.014747144571142455,-104
2452.0,129656.0,0.018911581415437775,-103.5
2821.0,211740.0,0.013322943232265986,-103
2553.0,129674.0,0.019687832564739268,-102.5
3158.0,211765.0,0.014912757065615187,-102
2510.0,129701.0,0.019352202373150554,-101.5
2828.0,211776.0,0.013353732245391357,-101
2334.0,129727.0,0.01799162857385124,-100.5
2986.0,211799.0,0.014098272418661089,-100
2397.0,129745.0,0.018474700373810167,-99.5
3193.0,211815.0,0.015074475367655738,-99
2585.0,129761.0,0.019921239817818914,-98.5
2915.0,211828.0,0.013761164718545235,-98
2114.0,129772.0,0.016290108806213975,-97.5
2781.0,211858.0,0.013126716951920626,-97
2171.0,129799.0,0.01672586075393493,-96.5
3039.0,211878.0,0.014343159742870898,-96
2265.0,129811.0,0.017448444276679173,-95.5
2538.0,211886.0,0.011978139188053953,-95
1964.0,129829.0,0.015127590908040577,-94.5
2911.0,211889.0,0.013738325255204376,-94
2219.0,129852.0,0.017088685580507038,-93.5
2708.0,211908.0,0.012779130566094721,-93
2289.0,129879.0,0.017624096274224472,-92.5
2171.0,211917.0,0.010244576886233762,-92
2165.0,129884.0,0.01666871978072742,-91.5
2443.0,211934.0,0.011527173554030972,-91
2035.0,129898.0,0.015666138046775163,-90.5
2761.0,211942.0,0.013027148936973322,-90
1977.0,129915.0,0.015217642304583766,-89.5
2324.0,211949.0,0.01096490193395581,-89
1862.0,129932.0,0.014330572915063264,-88.5
2455.0,211970.0,0.011581827617115629,-88
2214.0,129940.0,0.017038633215330154,-87.5
2474.0,211982.0,0.011670802237925862,-87
2157.0,129954.0,0.01659818089477815,-86.5
2355.0,211994.0,0.011108804966178288,-86
2019.0,129967.0,0.015534712657828525,-85.5
2221.0,212000.0,0.010476415094339622,-85
1873.0,129974.0,0.014410574422576823,-84.5
2404.0,212025.0,0.011338285579530715,-84
1934.0,129980.0,0.014879212186490229,-83.5
2250.0,212028.0,0.010611805987888393,-83
2377.0,129994.0,0.0182854593288921,-82.5
2584.0,212039.0,0.012186437400666859,-82
2208.0,129999.0,0.016984746036507972,-81.5
1976.0,212041.0,0.009318952466739923,-81
1925.0,130016.0,0.014805870046763476,-80.5
2423.0,212051.0,0.011426496456041236,-80
1658.0,130030.0,0.012750903637622088,-79.5
2319.0,212068.0,0.01093517173736726,-79
1959.0,130043.0,0.015064247979514469,-78.5
2261.0,212072.0,0.010661473461843148,-78
1740.0,130049.0,0.013379572315050482,-77.5
2571.0,212076.0,0.012123012504951056,-77
1433.0,130056.0,0.01101833056529495,-76.5
2256.0,212088.0,0.010637094036437705,-76
1787.0,130063.0,0.013739495475269677,-75.5
2099.0,212098.0,0.009896368659770484,-75
1589.0,130076.0,0.01221593529936345,-74.5
1832.0,212103.0,0.008637313003587879,-74
1797.0,130088.0,0.013813726093106205,-73.5
1957.0,212115.0,0.009226127336586286,-73
1628.0,130098.0,0.012513643561007856,-72.5
2650.0,212128.0,0.012492457384220848,-72
1913.0,130112.0,0.014702717658632562,-71.5
1803.0,212137.0,0.008499224557715061,-71
1581.0,130117.0,0.012150602918911442,-70.5
2012.0,212151.0,0.009483811059104128,-70
1640.0,130122.0,0.012603556662209312,-69.5
2155.0,212154.0,0.010157715621671051,-69
1465.0,130130.0,0.011257972796434335,-68.5
2075.0,212159.0,0.00978040054864512,-68
1633.0,130141.0,0.012547928784933264,-67.5
1801.0,212166.0,0.008488636256516123,-67
1440.0,130156.0,0.011063646700882019,-66.5
2326.0,212170.0,0.010962907102794928,-66
1601.0,130158.0,0.012300434856097973,-65.5
1842.0,212173.0,0.008681594736370792,-65
1452.0,130163.0,0.01115524380968478,-64.5
1905.0,212178.0,0.008978310663688035,-64
1397.0,130168.0,0.010732284432425788,-63.5
1891.0,212179.0,0.008912286324282799,-63
1248.0,130192.0,0.009585842448076688,-62.5
1779.0,212179.0,0.008384430127392437,-62
1103.0,130195.0,0.008471907523330388,-61.5
1691.0,212187.0,0.007969385494870092,-61
1442.0,130197.0,0.011075524013610144,-60.5
1641.0,212191.0,0.007733598503235292,-60
1624.0,130200.0,0.012473118279569893,-59.5
1933.0,212210.0,0.009108901559775694,-59
1304.0,130204.0,0.010015053300973856,-58.5
1656.0,212216.0,0.007803370151166736,-58
1154.0,130233.0,0.008861041364323943,-57.5
1643.0,212222.0,0.007741892923448087,-57
1318.0,130236.0,0.010120089683344083,-56.5
1613.0,212226.0,0.007600388265339779,-56
1161.0,130239.0,0.008914380485108148,-55.5
1560.0,212228.0,0.007350585219669412,-55
1230.0,130243.0,0.009443885659881914,-54.5
1548.0,212230.0,0.007293973519295105,-54
1093.0,130251.0,0.008391490276466207,-53.5
1415.0,212240.0,0.006666980776479457,-53
1257.0,130252.0,0.009650523600405369,-52.5
1291.0,212241.0,0.0060827078651155995,-52
995.0,130252.0,0.007639038172158585,-51.5
1493.0,212246.0,0.007034290398876775,-51
1191.0,130256.0,0.009143532735536175,-50.5
1515.0,212248.0,0.007137876446421168,-50
970.0,130258.0,0.007446759508053248,-49.5
1761.0,212250.0,0.008296819787985866,-49
873.0,130258.0,0.006702083557247923,-48.5
1269.0,212254.0,0.005978685914046379,-48
1024.0,130264.0,0.007860959282687466,-47.5
1256.0,212264.0,0.005917159763313609,-47
993.0,130268.0,0.007622746952436516,-46.5
1247.0,212265.0,0.005874732056627329,-46
827.0,130269.0,0.006348402152469122,-45.5
1172.0,212266.0,0.005521374124918734,-45
939.0,130271.0,0.007208050909258392,-44.5
1215.0,212267.0,0.0057239231722311995,-44
951.0,130271.0,0.0073001665758303845,-43.5
1099.0,212269.0,0.005177392836448092,-43
956.0,130271.0,0.007338548103568715,-42.5
1239.0,212270.0,0.005836905827483865,-42
810.0,130272.0,0.006217759764185704,-41.5
1215.0,212273.0,0.0057237613827476885,-41
844.0,130274.0,0.006478652685877459,-40.5
1320.0,212278.0,0.0062182609596849415,-40
928.0,130275.0,0.007123392822874688,-39.5
1267.0,212278.0,0.005968588360546076,-39
758.0,130280.0,0.005818237642001842,-38.5
891.0,212279.0,0.004197306375100693,-38
934.0,130280.0,0.007169174086582745,-37.5
1221.0,212279.0,0.005751864291804653,-37
784.0,130280.0,0.006017807798587657,-36.5
979.0,212280.0,0.004611833427548521,-36
764.0,130281.0,0.005864247280877488,-35.5
947.0,212281.0,0.004461068112548933,-35
813.0,130281.0,0.006240357381352615,-34.5
1207.0,212282.0,0.005685832995732092,-34
641.0,130282.0,0.004920096406257196,-33.5
930.0,212282.0,0.004380964942859027,-33
894.0,130283.0,0.006861985063285309,-32.5
962.0,212284.0,0.0045316651278476,-32
554.0,130290.0,0.004252053112287973,-31.5
726.0,212286.0,0.0034199146434527004,-31
627.0,130296.0,0.004812120095781912,-30.5
622.0,212286.0,0.0029300095154649857,-30
561.0,130296.0,0.004305581138331184,-29.5
583.0,212287.0,0.002746282155760833,-29
384.0,130296.0,0.002947135752440597,-28.5
603.0,212287.0,0.002840494236575956,-28
429.0,130296.0,0.003292503223429729,-27.5
654.0,212287.0,0.0030807350426545195,-27
416.0,130297.0,0.003192705894993745,-26.5
550.0,212290.0,0.0025907956097790757,-26
425.0,130298.0,0.00326175382584537,-25.5
735.0,212295.0,0.0034621634989048257,-25
499.0,130298.0,0.0038296827272866815,-24.5
553.0,212295.0,0.0026048658706045833,-24
434.0,130301.0,0.0033307495721444963,-23.5
553.0,212297.0,0.0026048413307771657,-23
444.0,130301.0,0.0034074949539911435,-22.5
519.0,212298.0,0.0024446768222027527,-22
281.0,130301.0,0.0021565452298907915,-21.5
532.0,212305.0,0.0025058288782647607,-21
377.0,130301.0,0.0028933008956186063,-20.5
472.0,212305.0,0.002223216598761216,-20
484.0,130301.0,0.0037144764813777332,-19.5
472.0,212305.0,0.002223216598761216,-19
357.0,130301.0,0.0027398101319253115,-18.5
532.0,212305.0,0.0025058288782647607,-18
482.0,130301.0,0.0036991274050084035,-17.5
369.0,212305.0,0.0017380655189467983,-17
315.0,130301.0,0.0024174795281693925,-16.5
462.0,212305.0,0.002176114552177292,-16
281.0,130302.0,0.002156528679529094,-15.5
469.0,212305.0,0.002209085984786039,-15
409.0,130302.0,0.003138862028211386,-14.5
411.0,212305.0,0.0019358941145992794,-14
453.0,130302.0,0.003476539116820924,-13.5
463.0,212306.0,0.002180814484753139,-13
321.0,130302.0,0.0024635078509923102,-12.5
413.0,212306.0,0.0019453053611296902,-12
375.0,130302.0,0.002877929732467652,-11.5
545.0,212306.0,0.0025670494474955958,-11
420.0,130302.0,0.0032232813003637705,-10.5
621.0,212306.0,0.002925023315403239,-10
392.0,130302.0,0.003008395880339519,-9.5
463.0,212306.0,0.002180814484753139,-9
392.0,130302.0,0.003008395880339519,-8.5
316.0,212306.0,0.0014884176613001988,-8
476.0,130302.0,0.003653052140412273,-7.5
558.0,212306.0,0.002628281819637693,-7
250.0,130302.0,0.0019186198216451014,-6.5
444.0,212306.0,0.0020913210177762286,-6
442.0,130302.0,0.0033921198446685394,-5.5
394.0,212306.0,0.0018558118941527796,-5
323.0,130302.0,0.002478856809565471,-4.5
438.0,212306.0,0.0020630599229414146,-4
359.0,130302.0,0.0027551380638823654,-3.5
339.0,212306.0,0.0015967518581669854,-3
407.0,130302.0,0.003123513069638225,-2.5
433.0,212306.0,0.00203950901057907,-2
271.0,130302.0,0.00207978388666329,-1.5
354.0,212306.0,0.00166740459525402,-1
431.0,130302.0,0.003307700572516155,-0.5
493.0,212306.0,0.002322119958927209,0
334.0,130302.0,0.0025632760817178553,0.5
440.0,212306.0,0.0020724802878863526,1
321.0,130302.0,0.0024635078509923102,1.5
497.0,212306.0,0.002340960688817085,2
271.0,130302.0,0.00207978388666329,2.5
322.0,212306.0,0.0015166787561350127,3
429.0,130302.0,0.003292351613942994,3.5
354.0,212306.0,0.00166740459525402,4
382.0,130303.0,0.0029316285887508345,4.5
271.0,212307.0,0.0012764534377104854,5
303.0,130303.0,0.0023253493779882275,5.5
510.0,212307.0,0.002402181746244825,6
368.0,130303.0,0.0028241867032992333,6.5
372.0,212307.0,0.0017521796266726957,7
293.0,130303.0,0.0022486051740942263,7.5
403.0,212307.0,0.001898194595562087,8
436.0,130303.0,0.0033460472897784395,8.5
430.0,212307.0,0.00202536892330446,9
368.0,130302.0,0.0028242083774615893,9.5
454.0,212307.0,0.0021384127701865696,10
290.0,130302.0,0.0022255989931083174,10.5
480.0,212307.0,0.002260876937642188,11
314.0,130303.0,0.0024097680022716283,11.5
409.0,212307.0,0.0019264555572826142,12
395.0,130303.0,0.0030313960538130356,12.5
506.0,212307.0,0.0023833411050978065,13
418.0,130303.0,0.003207907722769238,13.5
505.0,212307.0,0.002378630944811052,14
318.0,130303.0,0.0024404656838292287,14.5
506.0,212307.0,0.0023833411050978065,15
397.0,130303.0,0.003046744894591836,15.5
468.0,212304.0,0.0022043861632376214,16
425.0,130303.0,0.0032616286654950383,16.5
432.0,212303.0,0.002034827581334225,17
427.0,130303.0,0.0032769775062738388,17.5
424.0,212301.0,0.001997164403370686,18
330.0,130303.0,0.00253255872850203,18.5
550.0,212301.0,0.0025906613722968806,19
418.0,130303.0,0.003207907722769238,19.5
454.0,212300.0,0.0021384832783796514,20
345.0,130303.0,0.0026476750343430314,20.5
593.0,212300.0,0.0027932171455487516,21
399.0,130303.0,0.003062093735370636,21.5
488.0,212299.0,0.002298644835821177,22
416.0,130303.0,0.0031925588819904376,22.5
544.0,212299.0,0.0025624237514072132,23
461.0,130303.0,0.003537907799513442,23.5
474.0,212300.0,0.0022326895902025435,24
524.0,130301.0,0.004021458008764323,24.5
588.0,212300.0,0.0027696655675930287,25
484.0,130297.0,0.0037145905124446456,25.5
535.0,212300.0,0.0025200188412623646,26
501.0,130296.0,0.003845091177012341,26.5
551.0,212300.0,0.0025953838907206784,27
547.0,130295.0,0.004198165700909475,27.5
563.0,212298.0,0.00265193266069393,28
547.0,130295.0,0.004198165700909475,28.5
769.0,212298.0,0.0036222668136298977,29
521.0,130294.0,0.003998649208712604,29.5
1015.0,212298.0,0.004781015365194208,30
681.0,130292.0,0.005226721517821509,30.5
961.0,212297.0,0.004526677249325237,31
656.0,130290.0,0.005034922096860849,31.5
976.0,212297.0,0.004597332981624799,32
744.0,130290.0,0.005710338475708036,32.5
751.0,212296.0,0.0035375136601725893,33
663.0,130287.0,0.005088765571392388,33.5
753.0,212293.0,0.003546984592049667,34
680.0,130286.0,0.005219286799809649,34.5
903.0,212292.0,0.004253575264258663,35
784.0,130286.0,0.006017530663309949,35.5
906.0,212292.0,0.004267706743541914,36
721.0,130284.0,0.0055340640447023425,36.5
929.0,212291.0,0.004376068698154891,37
803.0,130284.0,0.006163458291117865,37.5
987.0,212291.0,0.004649278584584368,38
761.0,130281.0,0.005841220131868807,38.5
1146.0,212291.0,0.005398250514623794,39
750.0,130278.0,0.00575691981762078,39.5
1122.0,212289.0,0.005285247940307788,40
947.0,130276.0,0.007269182351315668,40.5
1056.0,212286.0,0.004974421299567565,41
914.0,130274.0,0.007015981700109001,41.5
1046.0,212284.0,0.004927361459177329,42
783.0,130271.0,0.006010547243822493,42.5
951.0,212281.0,0.00447991106128198,43
666.0,130269.0,0.005112497984938858,43.5
1175.0,212280.0,0.005535142264933107,44
966.0,130268.0,0.0074154819295605984,44.5
982.0,212270.0,0.004626183634050973,45
788.0,130268.0,0.0060490680750452915,45.5
1161.0,212268.0,0.005469500819718469,46
891.0,130267.0,0.006839798260495751,46.5
1253.0,212264.0,0.005903026419929899,47
848.0,130267.0,0.006509706986420199,47.5
1155.0,212261.0,0.005441414108102761,48
990.0,130265.0,0.007599892526772348,48.5
1440.0,212259.0,0.006784164629061665,49
743.0,130263.0,0.00570384529759026,49.5
1466.0,212258.0,0.006906689029388763,50
937.0,130262.0,0.00719319525264467,50.5
1261.0,212256.0,0.005940939243178049,51
936.0,130260.0,0.00718562874251497,51.5
1145.0,212249.0,0.00539460727730166,52
972.0,130258.0,0.007462113651368822,52.5
1077.0,212248.0,0.005074252760921187,53
1069.0,130256.0,0.008206915612332638,53.5
1211.0,212247.0,0.005705616569374361,54
1119.0,130252.0,0.008591038909191414,54.5
1155.0,212247.0,0.005441773028594043,55
1108.0,130252.0,0.008506587230906243,55.5
1307.0,212246.0,0.00615794879526587,56
1156.0,130252.0,0.008875103645241533,56.5
1161.0,212245.0,0.005470093523993498,57
1000.0,130249.0,0.007677602131302351,57.5
1339.0,212243.0,0.0063088064152881365,58
1101.0,130248.0,0.008453104846139672,58.5
1523.0,212223.0,0.00717641348958407,59
1035.0,130238.0,0.007946989357944686,59.5
1184.0,212220.0,0.005579116011685987,60
1153.0,130236.0,0.008853158880801007,60.5
1591.0,212206.0,0.007497431740855584,61
1033.0,130224.0,0.007932485563337019,61.5
1513.0,212234.0,0.007128923735122554,62
1057.0,130223.0,0.008116845718498269,62.5
1278.0,212244.0,0.006021371628879968,63
1156.0,130223.0,0.008877080085699146,63.5
1548.0,212231.0,0.007293939151207882,64
1062.0,130222.0,0.008155304019290136,64.5
1412.0,212223.0,0.006653378757250628,65
1277.0,130220.0,0.009806481339272002,65.5
1493.0,212222.0,0.007035085900613508,66
1271.0,130219.0,0.009760480421443875,66.5
1529.0,212219.0,0.00720482143446157,67
1627.0,130214.0,0.012494816225597862,67.5
1649.0,212214.0,0.007770458122461289,68
1497.0,130211.0,0.011496724547081276,68.5
1462.0,212206.0,0.006889531869975402,69
1513.0,130205.0,0.011620137475519373,69.5
1506.0,212200.0,0.007097078228086711,70
1291.0,130202.0,0.009915362283221455,70.5
1689.0,212198.0,0.00795954721533662,71
1432.0,130198.0,0.010998632851503095,71.5
1450.0,212194.0,0.0068333694637925674,72
1498.0,130191.0,0.011506171701576914,72.5
1659.0,212183.0,0.007818722517826593,73
1533.0,130184.0,0.011775640631721256,73.5
1878.0,212179.0,0.008851017301429454,74
1345.0,130174.0,0.010332324427304992,74.5
1601.0,212172.0,0.007545764756895349,75
1388.0,130165.0,0.010663388775784582,75.5
1836.0,212166.0,0.008653601425299058,76
1427.0,130158.0,0.010963598088477081,76.5
1717.0,212161.0,0.008092910572631163,77
1462.0,130157.0,0.011232588335625437,77.5
1754.0,212156.0,0.008267501272648428,78
1452.0,130153.0,0.011156100896637034,78.5
1456.0,212153.0,0.006862971534694301,79
1333.0,130150.0,0.010242028428736073,79.5
1838.0,212149.0,0.008663722195249565,80
1369.0,130142.0,0.01051927894146394,80.5
1769.0,212145.0,0.008338636310070943,81
1253.0,130133.0,0.009628610729023384,81.5
2059.0,212140.0,0.009705854624304705,82
1415.0,130129.0,0.010873825204220427,82.5
1676.0,212137.0,0.007900554830133357,83
1361.0,130121.0,0.010459495392749825,83.5
1670.0,212122.0,0.00787282790092494,84
1556.0,130106.0,0.01195947919388806,84.5
1874.0,212117.0,0.008834746861401963,85
1603.0,130098.0,0.012321480729911297,85.5
1776.0,212115.0,0.008372816632487094,86
1606.0,130085.0,0.012345773917054234,86.5
2089.0,212111.0,0.009848616997704032,87
1785.0,130076.0,0.013722746701928103,87.5
2047.0,212103.0,0.009650971461978379,88
1743.0,130068.0,0.0134006827198081,88.5
1907.0,212085.0,0.008991677865006955,89
1730.0,130062.0,0.013301348587596684,89.5
2012.0,212079.0,0.009487030776267334,90
1734.0,130053.0,0.013333025766418306,90.5
1896.0,212052.0,0.008941203101126139,91
1922.0,130018.0,0.014782568567429126,91.5
1923.0,212039.0,0.009069086347322898,92
1759.0,129985.0,0.013532330653536947,92.5
2272.0,212020.0,0.010715970191491368,93
1704.0,129967.0,0.013111020489816647,93.5
2228.0,211995.0,0.010509681832118683,94
2035.0,129953.0,0.01565950766815695,94.5
2185.0,211983.0,0.010307430312808102,95
1875.0,129942.0,0.014429514706561388,95.5
1988.0,211977.0,0.009378375955882007,96
1963.0,129930.0,0.01510813514969599,96.5
2292.0,211968.0,0.010812952898550724,97
1958.0,129911.0,0.015071856886637775,97.5
2142.0,211950.0,0.01010615711252654,98
1874.0,129904.0,0.014426037689370612,98.5
2684.0,211920.0,0.012665156662891657,99
1993.0,129895.0,0.015343161784518266,99.5
2306.0,211893.0,0.010882851250395247,100
2051.0,129884.0,0.01579101351975609,100.5
2060.0,211847.0,0.009723998923751576,101
1842.0,129877.0,0.01418264973782887,101.5
2004.0,211813.0,0.00946117565966206,102
1969.0,129862.0,0.015162249156797215,102.5
2226.0,211784.0,0.010510709024288897,103
2036.0,129850.0,0.01567963034270312,103.5
2564.0,211760.0,0.012108046845485455,104
2059.0,129836.0,0.01585846760528667,104.5
2414.0,211750.0,0.011400236127508855,105
2075.0,129821.0,0.015983546575669576,105.5
2281.0,211712.0,0.010774070435308343,106
1815.0,129794.0,0.013983697243324036,106.5
2531.0,211686.0,0.01195638823540527,107
2043.0,129783.0,0.015741661080418853,107.5
2482.0,211656.0,0.011726575197490267,108
2188.0,129749.0,0.016863328426423324,108.5
2714.0,211637.0,0.012823844601841832,109
1884.0,129734.0,0.014522021983443045,109.5
2713.0,211609.0,0.012820815749802702,110
1992.0,129717.0,0.015356506857235367,110.5
2316.0,211585.0,0.010945955526147884,111
2105.0,129695.0,0.01623038667643317,111.5
2368.0,211566.0,0.011192724728926198,112
2050.0,129661.0,0.01581045958306661,112.5
2178.0,211535.0,0.01029616848275699,113
2331.0,129647.0,0.01797959073484153,113.5
3097.0,211513.0,0.014642126015895004,114
2261.0,129627.0,0.01744235383060628,114.5
3151.0,211460.0,0.014901163340584507,115
1912.0,129597.0,0.014753427934288603,115.5
2747.0,211415.0,0.012993401603481305,116
2152.0,129572.0,0.016608526533510325,116.5
2516.0,211339.0,0.011905043555614439,117
2041.0,129541.0,0.015755629491821122,117.5
2573.0,211311.0,0.012176365641163972,118
2384.0,129530.0,0.01840500270207674,118.5
2599.0,211262.0,0.01230225975329212,119
2338.0,129506.0,0.018053217611539232,119.5
2658.0,211219.0,0.01258409518083127,120
2442.0,129479.0,0.018860201268159314,120.5
2536.0,211175.0,0.012008997277139813,121
2076.0,129439.0,0.01603844281862499,121.5
2612.0,211135.0,0.012371231676415564,122
1945.0,129395.0,0.015031492716101859,122.5
2666.0,211090.0,0.012629684021033682,123
2370.0,129377.0,0.01831855739428183,123.5
3120.0,211039.0,0.014783997270646658,124
2398.0,129351.0,0.018538704764555356,124.5
2814.0,210985.0,0.013337441050311634,125
2448.0,129331.0,0.018928176539267462,125.5
2571.0,210934.0,0.012188646685693156,126
2492.0,129288.0,0.019274797351649033,126.5
2783.0,210846.0,0.013199207004164177,127
2444.0,129231.0,0.018911870990706563,127.5
2980.0,210770.0,0.01413863453053091,128
2459.0,129175.0,0.0190361912134701,128.5
2442.0,210650.0,0.011592689295039165,129
2786.0,129072.0,0.021584851865625386,129.5
3050.0,210560.0,0.014485182370820669,130
2529.0,129027.0,0.019600548722360438,130.5
2878.0,210459.0,0.013674872540494824,131
2813.0,128941.0,0.021816179492946387,131.5
2936.0,210359.0,0.013957092399184252,132
2494.0,128837.0,0.019357793180530436,132.5
2968.0,210248.0,0.014116662227464709,133
2470.0,128747.0,0.01918491304651759,133.5
3303.0,210115.0,0.01571996287747186,134
2267.0,128642.0,0.017622549400662303,134.5
3382.0,209983.0,0.016106065729130453,135
2499.0,128493.0,0.019448530270131447,135.5
3108.0,209853.0,0.014810367257079956,136
2871.0,128406.0,0.022358768281855988,136.5
3097.0,209706.0,0.014768294660143249,137
2523.0,128323.0,0.019661323379285084,137.5
3143.0,209538.0,0.014999665931716442,138
2589.0,128192.0,0.02019626809785322,138.5
3197.0,209367.0,0.015269837175868212,139
2516.0,128022.0,0.019652872162597052,139.5
3026.0,209095.0,0.014471890767354553,140
2545.0,127867.0,0.019903493473687504,140.5
3567.0,208828.0,0.017081042772042063,141
2798.0,127729.0,0.021905753587673903,141.5
3400.0,208548.0,0.01630320118150258,142
2814.0,127546.0,0.022062628385053237,142.5
3449.0,208261.0,0.016560949961826745,143
3064.0,127361.0,0.02405760005025086,143.5
3329.0,208020.0,0.01600326891645034,144
2622.0,127204.0,0.02061255935347945,144.5
3773.0,207726.0,0.018163349797329174,145
2845.0,127048.0,0.02239311126503369,145.5
4016.0,207326.0,0.01937046004842615,146
3093.0,126795.0,0.024393706376434402,146.5
4043.0,206948.0,0.019536308637918703,147
3158.0,126541.0,0.02495633826190721,147.5
3554.0,206593.0,0.017202906197209007,148
3748.0,126272.0,0.029681956411556007,148.5
3578.0,206237.0,0.01734897229886005,149
3348.0,126003.0,0.026570795933430157,149.5
4070.0,205853.0,0.0197713902639262,150
3527.0,125753.0,0.028047044603309663,150.5
4047.0,205445.0,0.019698702815838787,151
3510.0,125329.0,0.02800628745142784,151.5
4093.0,204794.0,0.019985937088000626,152
3438.0,124934.0,0.027518529783725806,152.5
4241.0,204064.0,0.02078269562490199,153
3229.0,124551.0,0.025925123041966744,153.5
4377.0,203359.0,0.021523512605785826,154
3586.0,123551.0,0.02902445144110529,154.5
3983.0,202171.0,0.019701144081000738,155
3528.0,122418.0,0.028819291280694017,155.5
4395.0,200811.0,0.021886251251176478,156
3414.0,121154.0,0.028179011836175445,156.5
4216.0,198900.0,0.0211965811965812,157
3480.0,118584.0,0.02934628617688727,157.5
4237.0,195461.0,0.021676958574856364,158
3418.0,114855.0,0.02975926167776762,158.5
4189.0,188994.0,0.0221647248060785,159
2552.0,104119.0,0.0245104159663462,159.5
2105.0,85927.0,0.024497538608353603,160
2362.0,69199.0,0.03413344123469993,160.5
1859.0,64092.0,0.029005180053672846,161
1745.0,54053.0,0.03228312952102566,161.5
1427.0,53327.0,0.02675942768203724,162
1481.0,45122.0,0.03282212667878197,162.5
1310.0,46948.0,0.027903212064411688,163
1298.0,38481.0,0.03373093214833294,163.5
974.0,39782.0,0.024483434719219748,164
1136.0,32704.0,0.034735812133072405,164.5
889.0,35508.0,0.025036611467838234,165
1033.0,28377.0,0.03640272051309159,165.5
819.0,32041.0,0.025560999968789987,166
658.0,24188.0,0.027203572019183067,166.5
719.0,29152.0,0.02466383095499451,167
857.0,21806.0,0.03930110978629735,167.5
549.0,26296.0,0.02087770003042288,168
603.0,19162.0,0.03146853146853147,168.5
554.0,24592.0,0.02252765126870527,169
576.0,17426.0,0.03305405715597383,169.5
324.0,22874.0,0.014164553641689254,170
449.0,15570.0,0.028837508028259472,170.5
426.0,21523.0,0.01979277981694002,171
458.0,14670.0,0.03122017723244717,171.5
403.0,20449.0,0.019707565162110616,172
400.0,13309.0,0.030054850101435118,172.5
347.0,19501.0,0.017793959284139276,173
383.0,12482.0,0.030684185226726488,173.5
321.0,18430.0,0.01741725447639718,174
339.0,11342.0,0.02988890848174925,174.5
365.0,17558.0,0.02078824467479212,175
296.0,10772.0,0.027478648347567768,175.5
228.0,16753.0,0.013609502775622277,176
262.0,10168.0,0.025767112509834777,176.5
283.0,16195.0,0.017474529175671504,177
213.0,9447.0,0.02254684026675135,177.5
287.0,15714.0,0.018263968435789743,178
217.0,9114.0,0.023809523809523808,178.5
261.0,15292.0,0.017067747842008894,179
173.0,8725.0,0.01982808022922636,179.5
278.0,15070.0,0.018447246184472462,180
167.0,8487.0,0.019677153293272062,180.5
228.0,14525.0,0.015697074010327022,181
153.0,8009.0,0.019103508552878012,181.5
162.0,14300.0,0.011328671328671328,182
154.0,7746.0,0.019881229021430417,182.5
239.0,13984.0,0.01709096109839817,183
101.0,7647.0,0.01320779390610697,183.5
233.0,13706.0,0.016999854078505763,184
214.0,7520.0,0.028457446808510638,184.5
222.0,13600.0,0.016323529411764705,185
197.0,7496.0,0.02628068303094984,185.5
205.0,13409.0,0.015288239242299948,186
127.0,7471.0,0.01699906304376924,186.5
190.0,13244.0,0.014346118997281788,187
146.0,7435.0,0.019636852723604572,187.5
165.0,13040.0,0.012653374233128834,188
134.0,7312.0,0.018326039387308535,188.5
142.0,12751.0,0.011136381460277626,189
82.0,6861.0,0.01195161055239761,189.5
167.0,7359.0,0.02269330072020655,190
103.0,5594.0,0.01841258491240615,190.5
171.0,6752.0,0.025325829383886257,191
75.0,5351.0,0.014016071762287422,191.5
131.0,6382.0,0.020526480727044813,192
74.0,4967.0,0.014898328971209986,192.5
43.0,5959.0,0.007215975834871623,193
59.0,4794.0,0.012307050479766374,193.5
99.0,5882.0,0.016831009860591637,194
36.0,4361.0,0.008254987388213713,194.5
36.0,5796.0,0.006211180124223602,195
20.0,4114.0,0.004861448711716091,195.5
81.0,5691.0,0.014232999472851872,196
70.0,4070.0,0.0171990171990172,196.5
41.0,5545.0,0.00739404869251578,197
55.0,4018.0,0.01368840219014435,197.5
74.0,5524.0,0.013396089790007242,198
93.0,3993.0,0.02329075882794891,198.5
42.0,5291.0,0.007938007938007937,199
37.0,3993.0,0.009266215877786126,199.5
54.0,5118.0,0.010550996483001172,200
55.0,3857.0,0.014259787399533316,200.5
23.0,5108.0,0.004502740798747063,201
81.0,3707.0,0.02185055300782304,201.5
56.0,5050.0,0.011089108910891089,202
75.0,3705.0,0.020242914979757085,202.5
97.0,5036.0,0.01926131850675139,203
86.0,3704.0,0.023218142548596114,203.5
40.0,5034.0,0.007945967421533572,204
54.0,3663.0,0.014742014742014743,204.5
86.0,5034.0,0.01708382995629718,205
42.0,3661.0,0.011472275334608031,205.5
62.0,5033.0,0.012318696602424002,206
63.0,3655.0,0.017236662106703146,206.5
67.0,5033.0,0.013312139876813034,207
62.0,3649.0,0.016990956426418197,207.5
50.0,4959.0,0.01008267795926598,208
50.0,3643.0,0.01372495196266813,208.5
167.0,4948.0,0.033751010509296686,209
58.0,3637.0,0.015947209238383282,209.5
81.0,4893.0,0.01655426118945432,210
25.0,3623.0,0.00690035881865857,210.5
41.0,4893.0,0.008379317392192928,211
75.0,3620.0,0.020718232044198894,211.5
83.0,4887.0,0.016983834663392674,212
37.0,3616.0,0.010232300884955753,212.5
35.0,4868.0,0.007189811010682005,213
16.0,3604.0,0.004439511653718091,213.5
59.0,4862.0,0.012134923899629783,214
41.0,3590.0,0.011420612813370474,214.5
52.0,4800.0,0.010833333333333334,215
51.0,3508.0,0.014538198403648802,215.5
36.0,4728.0,0.007614213197969543,216
42.0,3508.0,0.011972633979475485,216.5
97.0,4709.0,0.020598853259715437,217
41.0,3507.0,0.011690903906472769,217.5
54.0,4687.0,0.011521228931085982,218
25.0,3507.0,0.0071285999429712005,218.5
34.0,4577.0,0.007428446580729736,219
113.0,3379.0,0.03344184670020716,219.5
57.0,3390.0,0.016814159292035398,220
15.0,2735.0,0.005484460694698354,220.5
18.0,3070.0,0.005863192182410423,221
17.0,2502.0,0.006794564348521183,221.5
39.0,2870.0,0.013588850174216028,222
40.0,2434.0,0.016433853738701727,222.5
25.0,2798.0,0.008934953538241601,223
1.0,2360.0,0.000423728813559322,223.5
84.0,2798.0,0.03002144388849178,224
24.0,2282.0,0.010517090271691499,224.5
75.0,2786.0,0.026920315865039485,225
85.0,2281.0,0.037264357737834285,225.5
86.0,2785.0,0.03087971274685817,226
25.0,2281.0,0.010960105217010083,226.5
80.0,2784.0,0.028735632183908046,227
11.0,2210.0,0.004977375565610859,227.5
35.0,2783.0,0.012576356449874237,228
16.0,2210.0,0.007239819004524887,228.5
122.0,2783.0,0.04383758533956163,229
10.0,2210.0,0.004524886877828055,229.5
74.0,2714.0,0.027266028002947678,230
3.0,2210.0,0.0013574660633484162,230.5
4.0,2710.0,0.0014760147601476014,231
11.0,2210.0,0.004977375565610859,231.5
4.0,2710.0,0.0014760147601476014,232
16.0,2137.0,0.007487131492746842,232.5
24.0,2710.0,0.008856088560885609,233
2.0,2137.0,0.0009358914365933552,233.5
17.0,2710.0,0.006273062730627306,234
6.0,2070.0,0.002898550724637681,234.5
47.0,2710.0,0.01734317343173432,235
15.0,2063.0,0.007270964614638876,235.5
55.0,2702.0,0.020355292376017766,236
7.0,2063.0,0.0033931168201648087,236.5
61.0,2697.0,0.02261772339636633,237
24.0,2687.0,0.00893189430591738,238
18.0,2056.0,0.008754863813229572,238.5
10.0,2687.0,0.003721622627465575,239
2.0,2056.0,0.0009727626459143969,239.5
28.0,2684.0,0.010432190760059613,240
6.0,2056.0,0.0029182879377431907,240.5
8.0,2675.0,0.0029906542056074765,241
3.0,2056.0,0.0014591439688715954,241.5
32.0,2674.0,0.011967090501121914,242
6.0,2056.0,0.0029182879377431907,242.5
30.0,2673.0,0.01122334455667789,243
11.0,2056.0,0.005350194552529183,243.5
17.0,2673.0,0.006359895248784137,244
11.0,2056.0,0.005350194552529183,244.5
7.0,2670.0,0.0026217228464419477,245
8.0,2056.0,0.0038910505836575876,245.5
52.0,2663.0,0.01952684941794968,246
73.0,2056.0,0.035505836575875485,246.5
47.0,2662.0,0.017655897821187077,247
1.0,2048.0,0.00048828125,247.5
30.0,2588.0,0.011591962905718702,248
16.0,2048.0,0.0078125,248.5
24.0,2486.0,0.009654062751407884,249
1.0,2042.0,0.0004897159647404506,249.5
6.0,1518.0,0.003952569169960474,250
14.0,1575.0,0.008888888888888889,250.5
22.0,1497.0,0.014696058784235137,251
1.0,1500.0,0.0006666666666666666,251.5
27.0,1437.0,0.018789144050104383,252
8.0,1395.0,0.005734767025089606,253
1.0,1359.0,0.0007358351729212656,253.5
55.0,1344.0,0.04092261904761905,254
18.0,1355.0,0.013284132841328414,254.5
4.0,1268.0,0.0031545741324921135,255
1.0,1353.0,0.0007390983000739098,255.5
11.0,1199.0,0.009174311926605505,256
7.0,1345.0,0.0052044609665427505,256.5
2.0,1126.0,0.0017761989342806395,257
2.0,1334.0,0.0014992503748125937,257.5
5.0,1126.0,0.004440497335701598,258
5.0,1323.0,0.003779289493575208,258.5
21.0,1126.0,0.018650088809946713,259
13.0,1297.0,0.010023130300693909,259.5
8.0,1125.0,0.0071111111111111115,260
7.0,1295.0,0.005405405405405406,260.5
21.0,1123.0,0.018699910952804988,261
3.0,1295.0,0.0023166023166023165,261.5
6.0,1123.0,0.005342831700801425,262
13.0,1123.0,0.01157613535173642,263
7.0,1123.0,0.006233303650934996,264
1.0,1276.0,0.0007836990595611285,264.5
9.0,1107.0,0.008130081300813009,265
1.0,1152.0,0.0008680555555555555,265.5
21.0,1106.0,0.0189873417721519,266
5.0,1106.0,0.0045207956600361665,268
7.0,1081.0,0.0064754856614246065,269.5
6.0,1101.0,0.005449591280653951,270
13.0,1101.0,0.011807447774750226,271
2.0,1081.0,0.0018501387604070306,271.5
22.0,1101.0,0.019981834695731154,272
6.0,1081.0,0.005550416281221091,272.5
7.0,1100.0,0.006363636363636364,273
3.0,1081.0,0.0027752081406105457,273.5
42.0,1100.0,0.038181818181818185,274
1.0,1081.0,0.0009250693802035153,274.5
4.0,1076.0,0.0037174721189591076,275
4.0,1081.0,0.0037002775208140612,275.5
12.0,1076.0,0.011152416356877323,276
4.0,1081.0,0.0037002775208140612,276.5
5.0,1075.0,0.004651162790697674,277
12.0,1081.0,0.011100832562442183,277.5
8.0,1075.0,0.0074418604651162795,278
2.0,1081.0,0.0018501387604070306,278.5
2.0,1060.0,0.0018867924528301887,279
2.0,1081.0,0.0018501387604070306,279.5
1.0,933.0,0.0010718113612004287,280
2.0,1008.0,0.001984126984126984,280.5
10.0,889.0,0.01124859392575928,281
4.0,1008.0,0.003968253968253968,281.5
4.0,882.0,0.0045351473922902496,282
6.0,1008.0,0.005952380952380952,282.5
10.0,853.0,0.011723329425556858,283
2.0,1008.0,0.001984126984126984,283.5
12.0,850.0,0.01411764705882353,284
4.0,813.0,0.004920049200492005,285
1.0,1008.0,0.000992063492063492,285.5
9.0,789.0,0.011406844106463879,286
1.0,1008.0,0.000992063492063492,286.5
1.0,783.0,0.001277139208173691,287
2.0,1008.0,0.001984126984126984,287.5
10.0,782.0,0.01278772378516624,288
1.0,1008.0,0.000992063492063492,288.5
4.0,782.0,0.005115089514066497,289
3.0,1007.0,0.0029791459781529296,289.5
1.0,782.0,0.0012787723785166241,290
6.0,1007.0,0.005958291956305859,290.5
1.0,781.0,0.0012804097311139564,291
1.0,1007.0,0.0009930486593843098,291.5
2.0,775.0,0.0025806451612903226,293
1.0,1007.0,0.0009930486593843098,293.5
3.0,1007.0,0.0029791459781529296,295.5
1.0,1001.0,0.000999000999000999,296.5
1.0,994.0,0.001006036217303823,298.5
36.0,692.0,0.05202312138728324,299
5.0,928.0,0.005387931034482759,299.5
4.0,692.0,0.005780346820809248,300
1.0,928.0,0.0010775862068965517,300.5
7.0,692.0,0.010115606936416185,301
1.0,928.0,0.0010775862068965517,301.5
13.0,692.0,0.01878612716763006,302
2.0,928.0,0.0021551724137931034,302.5
2.0,928.0,0.0021551724137931034,303.5
41.0,692.0,0.059248554913294796,305
11.0,692.0,0.015895953757225433,306
21.0,692.0,0.030346820809248554,307
20.0,692.0,0.028901734104046242,308
1.0,867.0,0.0011534025374855825,308.5
9.0,692.0,0.01300578034682081,309
32.0,692.0,0.046242774566473986,310
1.0,798.0,0.0012531328320802004,310.5
1.0,692.0,0.001445086705202312,311
2.0,798.0,0.002506265664160401,311.5
3.0,692.0,0.004335260115606936,312
1.0,798.0,0.0012531328320802004,312.5
15.0,692.0,0.02167630057803468,313
1.0,798.0,0.0012531328320802004,313.5
1.0,692.0,0.001445086705202312,314
3.0,798.0,0.0037593984962406013,314.5
1.0,692.0,0.001445086705202312,315
18.0,692.0,0.02601156069364162,316
1.0,798.0,0.0012531328320802004,316.5
5.0,692.0,0.0072254335260115606,317
1.0,798.0,0.0012531328320802004,317.5
4.0,798.0,0.005012531328320802,318.5
18.0,692.0,0.02601156069364162,319
21.0,692.0,0.030346820809248554,320
13.0,692.0,0.01878612716763006,321
4.0,798.0,0.005012531328320802,321.5
2.0,691.0,0.002894356005788712,322
2.0,798.0,0.002506265664160401,322.5
11.0,691.0,0.015918958031837915,323
3.0,798.0,0.0037593984962406013,323.5
7.0,691.0,0.010130246020260492,324
3.0,798.0,0.0037593984962406013,324.5
6.0,690.0,0.008695652173913044,325
1.0,798.0,0.0012531328320802004,325.5
7.0,631.0,0.011093502377179081,326
2.0,797.0,0.002509410288582183,326.5
36.0,631.0,0.05705229793977813,327
9.0,631.0,0.014263074484944533,328
2.0,724.0,0.0027624309392265192,329.5
24.0,631.0,0.03803486529318542,330
1.0,724.0,0.0013812154696132596,330.5
10.0,628.0,0.01592356687898089,331
1.0,720.0,0.001388888888888889,331.5
13.0,628.0,0.020700636942675158,332
13.0,717.0,0.01813110181311018,332.5
18.0,716.0,0.025139664804469275,333.5
7.0,628.0,0.011146496815286623,334
2.0,716.0,0.002793296089385475,334.5
28.0,628.0,0.044585987261146494,335
30.0,715.0,0.04195804195804196,336.5
17.0,628.0,0.027070063694267517,337
29.0,715.0,0.04055944055944056,337.5
1.0,628.0,0.0015923566878980893,338
5.0,715.0,0.006993006993006993,338.5
36.0,627.0,0.05741626794258373,339
5.0,715.0,0.006993006993006993,339.5
62.0,627.0,0.09888357256778309,340
3.0,715.0,0.004195804195804196,340.5
15.0,627.0,0.023923444976076555,341
1.0,715.0,0.0013986013986013986,341.5
13.0,627.0,0.02073365231259968,342
3.0,715.0,0.004195804195804196,342.5
4.0,627.0,0.006379585326953748,343
5.0,715.0,0.006993006993006993,343.5
12.0,626.0,0.019169329073482427,344
22.0,715.0,0.03076923076923077,344.5
12.0,485.0,0.024742268041237112,345
24.0,715.0,0.033566433566433566,345.5
9.0,484.0,0.01859504132231405,346
13.0,715.0,0.01818181818181818,346.5
16.0,484.0,0.03305785123966942,347
4.0,715.0,0.005594405594405594,347.5
2.0,484.0,0.004132231404958678,348
1.0,715.0,0.0013986013986013986,348.5
24.0,483.0,0.049689440993788817,349
25.0,483.0,0.051759834368530024,350
1.0,714.0,0.0014005602240896359,350.5
10.0,416.0,0.02403846153846154,351
1.0,714.0,0.0014005602240896359,351.5
14.0,416.0,0.03365384615384615,352
31.0,663.0,0.04675716440422323,352.5
9.0,416.0,0.021634615384615384,353
15.0,647.0,0.023183925811437404,353.5
38.0,647.0,0.05873261205564142,354.5
11.0,416.0,0.026442307692307692,355
32.0,416.0,0.07692307692307693,356
34.0,416.0,0.08173076923076923,358
2.0,647.0,0.0030911901081916537,358.5
1.0,414.0,0.0024154589371980675,359
1.0,647.0,0.0015455950540958269,359.5
1.0,414.0,0.0024154589371980675,360
1.0,647.0,0.0015455950540958269,360.5
14.0,414.0,0.033816425120772944,361
11.0,647.0,0.017001545595054096,361.5
19.0,414.0,0.04589371980676329,362
17.0,646.0,0.02631578947368421,362.5
9.0,414.0,0.021739130434782608,363
1.0,646.0,0.0015479876160990713,363.5
45.0,414.0,0.10869565217391304,364
3.0,646.0,0.0046439628482972135,364.5
2.0,414.0,0.004830917874396135,365
6.0,646.0,0.009287925696594427,365.5
4.0,414.0,0.00966183574879227,366
4.0,646.0,0.006191950464396285,366.5
35.0,646.0,0.05417956656346749,367.5
2.0,344.0,0.005813953488372093,368
5.0,646.0,0.007739938080495356,368.5
6.0,338.0,0.01775147928994083,369
22.0,646.0,0.034055727554179564,369.5
7.0,316.0,0.022151898734177215,370
31.0,270.0,0.11481481481481481,371
19.0,270.0,0.07037037037037037,372
35.0,646.0,0.05417956656346749,372.5
2.0,270.0,0.007407407407407408,373
1.0,270.0,0.003703703703703704,374
10.0,646.0,0.015479876160990712,374.5
7.0,270.0,0.025925925925925925,375
2.0,645.0,0.0031007751937984496,375.5
11.0,270.0,0.040740740740740744,376
1.0,645.0,0.0015503875968992248,376.5
3.0,645.0,0.004651162790697674,377.5
1.0,264.0,0.003787878787878788,378
2.0,645.0,0.0031007751937984496,378.5
6.0,260.0,0.023076923076923078,379
6.0,645.0,0.009302325581395349,379.5
2.0,244.0,0.00819672131147541,380
3.0,645.0,0.004651162790697674,380.5
5.0,243.0,0.0205761316872428,381
4.0,645.0,0.006201550387596899,381.5
4.0,242.0,0.01652892561983471,382
26.0,633.0,0.04107424960505529,384.5
9.0,633.0,0.014218009478672985,385.5
36.0,241.0,0.14937759336099585,386
7.0,632.0,0.011075949367088608,386.5
3.0,241.0,0.012448132780082987,387
6.0,630.0,0.009523809523809525,387.5
8.0,241.0,0.03319502074688797,388
32.0,576.0,0.05555555555555555,388.5
11.0,519.0,0.02119460500963391,389.5
4.0,241.0,0.016597510373443983,390
3.0,499.0,0.006012024048096192,390.5
5.0,241.0,0.02074688796680498,391
3.0,499.0,0.006012024048096192,391.5
10.0,241.0,0.04149377593360996,392
3.0,499.0,0.006012024048096192,393.5
1.0,223.0,0.004484304932735426,395
1.0,427.0,0.00234192037470726,396.5
1.0,427.0,0.00234192037470726,397.5
7.0,427.0,0.01639344262295082,398.5
6.0,427.0,0.01405152224824356,399.5
2.0,223.0,0.008968609865470852,400
2.0,426.0,0.004694835680751174,400.5
4.0,426.0,0.009389671361502348,401.5
2.0,426.0,0.004694835680751174,403.5
28.0,223.0,0.12556053811659193,404
26.0,426.0,0.06103286384976526,404.5
6.0,223.0,0.026905829596412557,405
1.0,223.0,0.004484304932735426,406
1.0,426.0,0.002347417840375587,406.5
5.0,426.0,0.011737089201877934,407.5
6.0,223.0,0.026905829596412557,408
2.0,426.0,0.004694835680751174,408.5
12.0,426.0,0.028169014084507043,409.5
3.0,426.0,0.007042253521126761,410.5
20.0,426.0,0.046948356807511735,411.5
6.0,223.0,0.026905829596412557,412
8.0,353.0,0.0226628895184136,412.5
9.0,223.0,0.04035874439461883,413
15.0,353.0,0.042492917847025496,413.5
5.0,353.0,0.014164305949008499,414.5
5.0,223.0,0.02242152466367713,415
4.0,353.0,0.0113314447592068,415.5
1.0,353.0,0.0028328611898017,416.5
2.0,352.0,0.005681818181818182,417.5
27.0,352.0,0.07670454545454546,418.5
10.0,352.0,0.028409090909090908,419.5
5.0,352.0,0.014204545454545454,420.5
1.0,352.0,0.002840909090909091,421.5
4.0,223.0,0.017937219730941704,422
21.0,352.0,0.05965909090909091,423.5
2.0,345.0,0.005797101449275362,424.5
5.0,338.0,0.014792899408284023,425.5
1.0,223.0,0.004484304932735426,426
19.0,300.0,0.06333333333333334,427.5
6.0,299.0,0.020066889632107024,428.5
7.0,294.0,0.023809523809523808,429.5
20.0,288.0,0.06944444444444445,430.5
13.0,286.0,0.045454545454545456,431.5
16.0,286.0,0.055944055944055944,432.5
1.0,151.0,0.006622516556291391,433
2.0,281.0,0.0071174377224199285,433.5
2.0,280.0,0.007142857142857143,434.5
1.0,150.0,0.006666666666666667,435
1.0,208.0,0.004807692307692308,435.5
1.0,150.0,0.006666666666666667,436
5.0,208.0,0.02403846153846154,436.5
14.0,206.0,0.06796116504854369,438.5
1.0,150.0,0.006666666666666667,441
1.0,150.0,0.006666666666666667,443
20.0,205.0,0.0975609756097561,444.5
1.0,205.0,0.004878048780487805,445.5
1.0,150.0,0.006666666666666667,446
1.0,179.0,0.00558659217877095,446.5
1.0,150.0,0.006666666666666667,447
2.0,150.0,0.013333333333333334,449
29.0,150.0,0.19333333333333333,450
2.0,150.0,0.013333333333333334,453
1.0,150.0,0.006666666666666667,456
1.0,78.0,0.01282051282051282,461
4.0,77.0,0.05194805194805195,462
2.0,69.0,0.028985507246376812,463
